phi std_phi theta std_theta rho std_rho effective thickness
---
-nan -nan -nan -nan -nan -nan -nan
211.593 0.745 80.632 0.450 60.506 0.362 2729.631
211.994 0.638 79.229 0.560 59.900 0.357 2377.480
212.821 0.785 77.487 0.559 59.330 0.343 2050.690
213.245 0.790 75.724 0.524 58.687 0.332 1801.798
213.998 0.746 73.997 0.560 58.256 0.347 1611.655
214.723 0.797 72.072 0.540 57.785 0.295 1443.392
215.398 0.624 70.409 0.561 57.481 0.302 1325.062
216.286 0.750 68.415 0.619 57.164 0.339 1207.727
217.074 0.705 66.609 0.647 56.940 0.341 1119.111
217.840 0.754 64.661 0.587 56.805 0.329 1038.136
218.697 0.843 62.757 0.652 56.738 0.334 970.590
219.688 0.804 60.803 0.669 56.765 0.293 910.795
220.501 0.829 58.907 0.682 56.764 0.353 860.321
221.623 0.886 57.143 0.629 56.975 0.312 818.925
222.324 0.777 55.185 0.637 57.087 0.315 778.211
223.394 0.770 53.230 0.639 57.332 0.312 742.233
224.541 0.811 51.541 0.716 57.714 0.327 714.361
225.688 0.799 49.718 0.628 58.089 0.327 687.182
226.593 0.988 47.909 0.681 58.488 0.365 662.824
228.131 0.874 46.375 0.713 59.164 0.327 643.978
229.376 0.972 44.671 0.623 59.738 0.371 624.754
230.509 0.985 43.061 0.706 60.350 0.356 608.107
231.917 0.870 41.509 0.719 61.099 0.373 593.309
233.384 0.929 39.693 0.626 61.847 0.396 577.407
234.940 0.801 38.611 0.634 62.707 0.310 568.596
236.328 1.057 37.013 0.580 63.543 0.376 556.419
237.776 1.084 35.697 0.677 64.418 0.395 547.090
239.401 1.024 34.425 0.637 65.407 0.379 538.635
241.403 1.117 33.072 0.592 66.508 0.324 530.202
242.759 1.013 31.962 0.673 67.534 0.340 523.691
244.489 1.025 30.672 0.599 68.614 0.404 516.568
---
206.723 0.000 81.555 0.000 60.602 0.000 3025.168
209.842 0.818 80.583 0.465 59.517 0.328 2715.460
210.248 0.730 79.016 0.480 58.886 0.373 2331.878
210.851 0.656 77.191 0.515 58.176 0.287 2004.089
211.795 0.835 75.505 0.591 57.764 0.339 1775.048
212.128 0.694 73.626 0.521 57.175 0.314 1576.025
212.967 0.745 71.771 0.571 56.773 0.322 1420.314
213.648 0.740 69.881 0.582 56.401 0.322 1291.669
214.321 0.804 68.049 0.567 56.115 0.302 1188.562
215.146 0.791 66.118 0.643 55.886 0.312 1097.421
216.061 0.813 64.137 0.649 55.753 0.289 1018.524
216.887 0.882 62.051 0.643 55.640 0.328 947.975
217.606 0.877 60.215 0.638 55.660 0.305 894.430
218.406 0.887 58.326 0.648 55.648 0.304 846.149
219.624 0.859 56.429 0.709 55.833 0.289 803.484
220.610 0.870 54.458 0.681 56.056 0.312 764.324
221.799 0.876 52.471 0.675 56.315 0.324 729.353
222.793 0.974 50.587 0.658 56.706 0.304 699.788
223.759 0.921 48.742 0.695 57.071 0.316 673.742
224.952 0.918 46.988 0.660 57.553 0.327 651.317
226.166 0.927 45.177 0.687 58.145 0.309 630.291
227.317 0.996 43.550 0.644 58.637 0.310 613.015
228.593 0.995 41.914 0.644 59.361 0.315 597.060
230.024 1.121 40.167 0.639 60.086 0.309 581.413
231.393 1.069 38.702 0.660 60.852 0.373 569.319
233.019 0.937 37.085 0.722 61.709 0.345 556.945
234.460 1.057 35.696 0.741 62.642 0.373 547.087
236.308 0.977 34.269 0.566 63.610 0.401 537.630
237.603 1.180 33.235 0.672 64.457 0.397 531.187
239.305 1.102 31.877 0.694 65.530 0.414 523.209
241.119 1.185 30.645 0.796 66.576 0.377 516.421
243.155 1.168 29.377 0.647 67.795 0.432 509.864
---
205.865 0.000 81.770 0.000 58.695 0.000 3103.873
208.066 0.688 80.430 0.359 58.544 0.313 2672.412
208.585 0.740 78.738 0.549 57.889 0.301 2274.947
209.220 0.756 76.931 0.532 57.288 0.357 1964.790
209.998 0.858 75.318 0.490 56.844 0.305 1753.035
210.460 0.692 73.369 0.588 56.241 0.300 1552.407
211.064 0.870 71.422 0.579 55.773 0.306 1394.594
211.549 0.687 69.522 0.591 55.312 0.305 1269.991
212.540 0.745 67.549 0.617 55.097 0.303 1163.406
213.221 0.849 65.674 0.617 54.880 0.298 1078.590
214.220 0.959 63.418 0.563 54.703 0.276 992.893
214.811 0.937 61.660 0.636 54.654 0.267 935.944
215.645 0.798 59.459 0.657 54.612 0.274 874.340
216.634 0.863 57.634 0.605 54.696 0.264 829.964
217.536 0.883 55.604 0.720 54.830 0.280 786.489
218.408 0.878 53.728 0.692 54.980 0.288 750.994
219.309 0.921 51.751 0.655 55.263 0.300 717.675
220.519 0.913 49.672 0.709 55.663 0.294 686.534
221.624 1.070 47.795 0.690 56.059 0.318 661.370
222.705 1.013 46.070 0.662 56.505 0.310 640.405
223.967 1.042 44.279 0.741 57.135 0.298 620.579
225.072 1.134 42.502 0.702 57.688 0.340 602.640
226.679 1.066 40.723 0.677 58.432 0.380 586.243
228.080 1.068 38.959 0.669 59.151 0.359 571.380
229.553 1.220 37.494 0.704 59.953 0.297 559.982
231.167 1.071 35.983 0.637 60.850 0.372 549.069
232.575 1.013 34.661 0.650 61.664 0.362 540.165
234.175 1.045 33.149 0.623 62.628 0.370 530.664
235.902 1.059 31.755 0.630 63.621 0.339 522.520
237.644 0.948 30.515 0.757 64.713 0.378 515.731
239.753 1.274 29.218 0.616 65.847 0.376 509.067
241.229 1.268 28.110 0.552 66.819 0.476 503.715
---
-nan -nan -nan -nan -nan -nan -nan
206.158 0.798 80.300 0.511 57.595 0.315 2637.063
206.745 0.799 78.695 0.563 57.066 0.258 2266.501
207.397 0.790 76.691 0.545 56.346 0.323 1930.024
207.938 0.762 75.019 0.594 55.814 0.291 1718.757
208.507 0.853 73.119 0.592 55.286 0.310 1530.058
209.209 0.879 71.034 0.559 54.866 0.284 1367.039
209.995 0.803 69.066 0.588 54.472 0.285 1243.516
210.562 0.853 67.117 0.649 54.168 0.275 1142.587
211.420 0.877 65.008 0.600 53.941 0.274 1051.600
211.953 0.810 63.108 0.670 53.731 0.280 982.300
212.873 1.033 61.032 0.601 53.689 0.271 917.359
213.682 0.821 58.978 0.720 53.664 0.269 862.110
214.509 0.827 56.925 0.617 53.720 0.258 814.121
215.556 0.910 54.934 0.717 53.871 0.265 773.344
216.360 0.981 52.920 0.739 54.087 0.264 736.904
217.403 0.993 50.907 0.624 54.342 0.268 704.591
218.481 1.072 48.837 0.692 54.705 0.286 675.013
219.366 0.945 46.883 0.705 55.105 0.285 650.045
220.646 0.891 45.141 0.727 55.624 0.299 629.886
221.972 1.063 43.199 0.618 56.218 0.309 609.480
223.093 1.122 41.408 0.667 56.791 0.327 592.384
224.271 1.283 39.744 0.632 57.492 0.328 577.831
225.606 1.141 37.973 0.793 58.200 0.300 563.621
227.342 1.200 36.348 0.674 59.110 0.419 551.628
228.953 0.997 34.724 0.714 59.972 0.340 540.572
230.417 1.044 33.182 0.707 60.877 0.290 530.862
232.153 1.251 31.685 0.785 61.740 0.329 522.125
233.778 1.070 30.188 0.735 62.801 0.354 514.012
236.020 1.097 29.141 0.575 63.953 0.377 508.688
237.511 1.173 27.820 0.758 64.995 0.317 502.365
239.761 1.441 26.832 0.634 66.174 0.366 497.906
---
204.291 1.178 81.148 0.493 57.691 0.279 2887.197
204.430 0.742 80.226 0.497 56.875 0.275 2617.234
204.974 0.760 78.546 0.559 56.269 0.299 2237.464
205.477 0.802 76.553 0.560 55.524 0.308 1910.617
206.066 0.827 74.791 0.550 54.994 0.306 1693.568
206.648 0.825 72.756 0.611 54.424 0.281 1498.738
207.109 0.884 70.732 0.558 53.929 0.271 1346.441
207.841 0.831 68.716 0.607 53.561 0.266 1223.972
208.519 0.902 66.783 0.611 53.274 0.273 1127.035
209.257 0.867 64.692 0.549 53.033 0.261 1039.337
209.925 0.994 62.587 0.686 52.873 0.259 965.023
210.660 0.897 60.483 0.669 52.778 0.248 901.801
211.320 0.961 58.291 0.742 52.717 0.250 845.317
212.309 0.977 56.266 0.735 52.834 0.254 800.063
213.041 0.869 54.186 0.743 52.928 0.246 759.294
214.134 0.899 52.114 0.705 53.211 0.271 723.507
215.222 1.068 49.907 0.648 53.482 0.280 689.875
216.153 1.028 48.020 0.783 53.883 0.252 664.249
217.016 1.141 46.063 0.762 54.243 0.279 640.324
218.420 1.077 44.133 0.708 54.751 0.296 619.044
219.508 1.155 42.286 0.794 55.329 0.280 600.572
220.767 1.112 40.432 0.778 55.934 0.280 583.702
221.883 1.312 38.365 0.659 56.662 0.330 566.655
223.515 1.274 36.703 0.675 57.505 0.331 554.170
225.250 1.159 35.254 0.746 58.297 0.334 544.083
226.288 1.206 33.364 0.743 59.112 0.328 531.972
228.134 1.158 31.980 0.768 60.086 0.367 523.792
229.638 1.415 30.325 0.695 61.033 0.345 514.725
231.654 1.373 29.086 0.682 62.125 0.373 508.416
233.383 1.324 27.763 0.640 63.057 0.392 502.101
235.394 1.368 26.657 0.718 64.254 0.393 497.143
237.116 1.628 25.528 0.630 65.337 0.455 492.366
---
201.477 0.642 81.380 0.228 56.556 0.172 2964.455
202.477 0.844 79.999 0.513 56.051 0.281 2558.294
203.131 0.803 78.297 0.634 55.420 0.289 2190.486
203.453 0.836 76.402 0.507 54.734 0.264 1889.826
204.090 0.767 74.470 0.603 54.143 0.293 1659.471
204.602 0.869 72.558 0.585 53.642 0.240 1482.285
205.171 0.869 70.378 0.571 53.105 0.255 1323.079
205.689 0.879 68.351 0.647 52.724 0.284 1204.309
206.347 0.893 66.187 0.638 52.410 0.243 1100.441
207.098 0.914 64.275 0.666 52.223 0.239 1023.613
207.786 0.864 62.112 0.656 52.048 0.245 949.864
208.575 1.034 59.916 0.734 51.948 0.245 886.339
209.255 0.997 57.693 0.702 51.952 0.220 831.310
209.918 1.079 55.670 0.716 51.967 0.233 787.817
211.010 0.967 53.493 0.652 52.156 0.246 746.815
211.782 1.091 51.307 0.719 52.344 0.246 710.720
212.659 0.993 49.290 0.686 52.626 0.229 681.197
213.609 1.053 47.254 0.703 52.970 0.266 654.581
214.663 1.211 45.221 0.758 53.424 0.280 630.775
215.691 1.200 43.190 0.689 53.975 0.283 609.395
216.772 1.220 41.212 0.718 54.503 0.287 590.610
218.148 1.170 39.333 0.804 55.173 0.279 574.421
219.772 1.338 37.397 0.689 55.917 0.319 559.256
220.784 1.347 35.580 0.716 56.637 0.293 546.291
222.106 1.226 33.993 0.799 57.448 0.308 535.878
223.749 1.381 32.364 0.733 58.338 0.360 526.005
225.739 1.386 30.789 0.679 59.387 0.331 517.192
227.067 1.291 29.131 0.767 60.305 0.348 508.640
229.337 1.400 27.917 0.718 61.366 0.371 502.814
231.091 1.315 26.516 0.686 62.488 0.404 496.530
232.873 1.481 25.330 0.657 63.513 0.381 491.559
234.994 1.461 24.037 0.726 64.699 0.391 486.485
---
200.556 0.430 81.280 0.223 56.008 0.207 2930.718
200.453 0.793 80.007 0.574 55.387 0.312 2560.515
201.009 0.835 78.211 0.534 54.696 0.278 2174.604
201.461 0.762 76.146 0.589 53.948 0.270 1855.507
202.122 0.828 74.179 0.601 53.385 0.265 1629.710
202.568 0.798 72.208 0.595 52.877 0.260 1454.011
203.003 0.803 70.157 0.682 52.395 0.266 1308.900
203.594 0.949 68.024 0.661 52.002 0.231 1187.253
204.075 0.827 65.971 0.643 51.653 0.216 1091.099
204.779 0.903 63.819 0.672 51.425 0.217 1007.014
205.520 0.888 61.513 0.810 51.261 0.219 931.536
206.246 0.977 59.306 0.739 51.187 0.226 870.398
206.999 1.081 57.125 0.743 51.164 0.233 818.524
207.707 1.051 54.994 0.669 51.240 0.231 774.503
208.452 1.108 52.908 0.756 51.370 0.217 736.690
209.328 1.059 50.503 0.716 51.578 0.225 698.538
210.153 1.037 48.386 0.800 51.872 0.224 669.022
211.133 1.078 46.307 0.740 52.267 0.238 643.176
212.048 1.210 44.256 0.734 52.676 0.263 620.328
213.077 1.195 42.180 0.720 53.177 0.257 599.565
214.339 1.147 40.244 0.683 53.824 0.259 582.080
215.437 1.302 38.239 0.762 54.477 0.294 565.672
216.675 1.302 36.371 0.773 55.164 0.280 551.790
218.391 1.295 34.546 0.746 55.994 0.327 539.414
219.421 1.413 32.855 0.719 56.772 0.342 528.899
221.057 1.566 31.112 0.618 57.717 0.336 518.947
222.309 1.350 29.615 0.725 58.579 0.307 511.060
224.204 1.399 28.065 0.783 59.577 0.315 503.506
226.191 1.336 26.577 0.717 60.753 0.316 496.795
227.916 1.704 25.048 0.663 61.765 0.344 490.422
230.062 1.558 23.912 0.681 62.962 0.358 486.017
232.291 1.505 22.621 0.688 64.135 0.338 481.328
---
198.095 0.850 81.383 0.287 55.306 0.172 2965.540
198.442 0.677 79.897 0.591 54.748 0.284 2532.803
199.006 0.897 78.017 0.597 54.041 0.270 2139.925
199.346 0.832 75.985 0.576 53.300 0.231 1834.661
199.760 0.803 73.953 0.582 52.651 0.237 1607.333
200.157 0.864 71.961 0.592 52.138 0.232 1434.816
200.733 0.914 69.901 0.679 51.701 0.257 1292.907
201.312 0.951 67.694 0.644 51.263 0.219 1170.612
201.782 0.935 65.484 0.638 50.916 0.214 1070.755
202.428 0.913 63.370 0.712 50.733 0.204 991.251
203.185 1.023 61.185 0.705 50.586 0.194 921.803
203.816 1.031 58.783 0.719 50.456 0.192 857.260
204.436 1.091 56.623 0.720 50.448 0.183 807.599
205.110 1.079 54.389 0.724 50.510 0.201 763.036
205.760 1.017 52.182 0.744 50.646 0.191 724.612
206.668 1.261 49.779 0.787 50.886 0.235 688.055
207.375 1.233 47.902 0.774 51.159 0.214 662.741
208.534 1.088 45.595 0.733 51.565 0.212 634.959
209.286 1.171 43.433 0.742 52.015 0.249 611.832
210.374 1.327 41.320 0.674 52.523 0.272 591.584
211.342 1.191 39.323 0.795 53.138 0.262 574.341
212.473 1.320 37.312 0.793 53.751 0.289 558.625
213.825 1.221 35.247 0.824 54.533 0.252 544.040
214.890 1.351 33.467 0.757 55.282 0.261 532.603
216.250 1.434 31.723 0.771 56.129 0.299 522.336
217.831 1.492 30.013 0.704 57.104 0.317 513.100
219.408 1.613 28.368 0.736 58.034 0.361 504.935
221.262 1.399 26.750 0.797 59.073 0.350 497.548
222.656 1.750 25.316 0.839 60.038 0.346 491.504
225.291 1.852 24.065 0.693 61.207 0.405 486.591
226.730 1.550 22.658 0.740 62.330 0.342 481.460
229.536 1.686 21.482 0.650 63.544 0.353 477.467
---
195.785 0.899 81.133 0.338 54.736 0.205 2882.393
196.476 0.846 79.860 0.526 54.200 0.258 2523.756
196.806 0.876 77.885 0.568 53.389 0.239 2116.893
197.163 0.806 75.922 0.572 52.726 0.251 1826.605
197.660 0.795 73.770 0.660 52.091 0.239 1589.669
198.139 0.802 71.741 0.683 51.557 0.238 1418.099
198.496 0.934 69.547 0.697 51.067 0.218 1271.448
199.106 0.991 67.458 0.671 50.692 0.202 1158.960
199.375 0.954 65.205 0.683 50.308 0.192 1059.446
200.097 0.976 62.994 0.730 50.081 0.178 978.457
200.816 0.872 60.810 0.769 49.943 0.179 910.989
201.204 1.063 58.430 0.727 49.816 0.173 848.652
201.707 1.041 56.087 0.747 49.797 0.172 796.335
202.401 1.081 53.790 0.775 49.876 0.175 752.101
203.136 1.212 51.442 0.795 50.016 0.184 712.811
203.876 1.136 49.308 0.843 50.250 0.174 681.456
204.584 1.191 47.052 0.755 50.537 0.209 652.107
205.492 1.092 44.901 0.798 50.905 0.192 627.249
206.237 1.263 42.635 0.729 51.380 0.225 603.924
207.105 1.351 40.574 0.812 51.908 0.212 584.939
208.539 1.348 38.445 0.773 52.536 0.258 567.281
209.464 1.157 36.448 0.723 53.227 0.233 552.342
210.245 1.347 34.494 0.746 53.889 0.252 539.075
211.679 1.581 32.578 0.722 54.714 0.299 527.259
212.826 1.606 30.810 0.885 55.517 0.274 517.308
214.371 1.447 29.109 0.698 56.442 0.290 508.527
216.108 1.586 27.211 0.763 57.535 0.315 499.592
217.502 1.910 25.719 0.672 58.480 0.361 493.154
219.324 1.653 24.168 0.724 59.556 0.337 486.984
220.454 1.659 22.649 0.575 60.539 0.377 481.427
223.679 1.720 21.176 0.748 61.973 0.310 476.474
225.325 2.205 20.035 0.654 63.080 0.421 472.920
---
193.921 0.635 80.968 0.228 54.155 0.199 2830.046
194.397 0.810 79.704 0.546 53.665 0.269 2485.935
194.640 0.748 77.591 0.571 52.838 0.226 2067.640
195.174 0.870 75.657 0.593 52.179 0.226 1793.540
195.572 0.887 73.595 0.602 51.569 0.223 1573.203
195.754 0.843 71.560 0.601 51.000 0.210 1404.663
196.172 0.963 69.450 0.730 50.532 0.196 1265.730
196.571 1.051 67.187 0.690 50.118 0.186 1145.927
196.841 0.936 64.903 0.671 49.750 0.182 1047.507
197.459 0.987 62.586 0.679 49.504 0.155 964.998
198.072 0.959 60.228 0.787 49.348 0.157 894.767
198.420 1.110 57.881 0.752 49.228 0.153 835.661
198.961 1.099 55.615 0.801 49.217 0.155 786.712
199.258 1.058 53.383 0.807 49.258 0.143 744.897
200.473 1.158 51.043 0.722 49.475 0.168 706.653
200.924 1.262 48.765 0.789 49.690 0.181 674.049
201.772 1.180 46.258 0.787 50.015 0.177 642.598
202.414 1.157 44.184 0.778 50.384 0.202 619.575
203.073 1.247 41.944 0.850 50.824 0.200 597.338
203.938 1.281 39.875 0.749 51.328 0.205 578.938
205.023 1.328 37.635 0.779 51.997 0.225 561.045
205.740 1.371 35.542 0.799 52.647 0.235 546.032
207.002 1.337 33.691 0.789 53.353 0.287 533.988
208.104 1.437 31.557 0.689 54.234 0.293 521.405
209.208 1.616 29.828 0.779 55.023 0.316 512.150
210.671 1.576 27.863 0.826 56.039 0.306 502.563
212.109 2.245 26.240 0.587 56.967 0.359 495.344
213.392 1.767 24.576 0.681 57.954 0.346 488.559
215.752 1.688 23.095 0.749 59.129 0.343 483.012
217.035 2.019 21.588 0.740 60.172 0.363 477.816
219.214 1.870 20.051 0.600 61.380 0.337 472.968
221.886 2.016 18.871 0.592 62.587 0.372 469.539
---
192.278 0.793 80.983 0.273 53.775 0.177 2834.881
192.167 0.876 79.545 0.520 53.174 0.216 2448.365
192.605 0.944 77.636 0.697 52.432 0.251 2075.024
192.842 0.821 75.516 0.649 51.705 0.234 1776.421
193.313 0.980 73.438 0.590 51.094 0.189 1558.701
193.551 0.869 71.367 0.659 50.540 0.192 1390.585
193.739 0.908 69.191 0.697 50.055 0.184 1250.667
194.302 0.894 66.904 0.716 49.644 0.168 1132.649
194.623 0.951 64.614 0.668 49.294 0.171 1036.348
195.031 1.050 62.279 0.675 49.026 0.144 955.127
195.323 1.088 60.064 0.764 48.851 0.134 890.325
196.084 0.905 57.666 0.827 48.776 0.129 830.689
196.374 1.006 55.227 0.850 48.752 0.125 779.021
196.909 1.065 52.954 0.817 48.828 0.142 737.486
197.525 1.130 50.593 0.843 48.981 0.139 699.876
197.903 1.265 48.148 0.767 49.200 0.156 665.911
198.641 1.285 45.714 0.712 49.532 0.157 636.319
199.309 1.213 43.470 0.732 49.924 0.166 612.204
199.833 1.296 41.422 0.720 50.356 0.209 592.517
200.648 1.435 39.090 0.782 50.919 0.198 572.438
201.533 1.314 36.948 0.774 51.536 0.225 555.941
202.302 1.326 34.943 0.862 52.184 0.232 542.010
203.357 1.751 32.780 0.713 52.951 0.260 528.450
204.424 1.640 30.745 0.709 53.778 0.278 516.960
205.428 1.553 28.974 0.781 54.618 0.266 507.864
206.774 1.381 27.055 0.769 55.578 0.296 498.895
207.593 1.606 25.398 0.740 56.496 0.331 491.835
209.432 1.774 23.620 0.642 57.588 0.311 484.927
210.929 1.855 22.115 0.682 58.663 0.326 479.581
212.652 2.258 20.602 0.638 59.829 0.336 474.655
214.488 2.071 18.988 0.690 60.976 0.374 469.867
216.781 2.276 17.669 0.678 62.226 0.392 466.297
---
189.964 1.049 80.772 0.373 53.409 0.208 2770.622
190.098 0.666 79.507 0.559 52.832 0.244 2439.561
190.240 0.821 77.483 0.594 52.052 0.242 2049.996
190.485 0.832 75.413 0.614 51.320 0.217 1764.111
191.063 0.905 73.385 0.640 50.724 0.186 1553.810
191.257 0.839 71.086 0.709 50.121 0.196 1370.683
191.553 0.984 68.915 0.730 49.632 0.187 1235.015
191.642 0.951 66.722 0.638 49.220 0.132 1124.262
191.964 1.009 64.364 0.689 48.876 0.136 1026.925
192.373 1.080 62.080 0.725 48.633 0.122 948.881
192.651 1.060 59.574 0.757 48.433 0.114 877.329
193.108 1.112 57.307 0.761 48.347 0.112 822.578
193.590 1.175 54.907 0.693 48.355 0.105 772.821
193.925 1.133 52.591 0.764 48.401 0.112 731.354
194.470 1.154 50.055 0.815 48.569 0.117 692.000
194.815 1.270 47.766 0.816 48.780 0.137 661.002
195.339 1.354 45.497 0.759 49.093 0.155 633.853
195.961 1.241 42.949 0.854 49.491 0.158 607.001
196.537 1.396 40.732 0.823 49.968 0.190 586.327
197.220 1.480 38.478 0.746 50.502 0.189 567.547
197.910 1.282 36.288 0.811 51.138 0.214 551.206
198.860 1.521 34.157 0.760 51.848 0.226 536.915
199.491 1.646 31.906 0.758 52.608 0.240 523.375
200.387 1.591 30.070 0.806 53.394 0.268 513.396
201.614 1.602 28.289 0.803 54.245 0.270 504.562
202.244 1.905 26.273 0.734 55.164 0.297 495.488
203.400 1.796 24.643 0.731 56.188 0.311 488.821
204.757 2.076 22.780 0.694 57.226 0.299 481.888
206.239 2.193 21.190 0.710 58.304 0.344 476.519
207.916 2.219 19.651 0.685 59.460 0.345 471.778
209.509 2.070 17.909 0.668 60.723 0.309 466.923
211.673 2.328 16.761 0.682 61.887 0.355 464.012
---
187.723 0.797 80.828 0.366 53.091 0.182 2787.224
187.837 0.785 79.380 0.623 52.496 0.245 2410.777
188.137 0.866 77.458 0.614 51.755 0.232 2045.975
188.165 0.982 75.446 0.629 51.049 0.211 1768.044
188.341 0.926 73.247 0.644 50.388 0.193 1541.364
188.530 0.952 70.958 0.665 49.796 0.175 1361.819
188.867 0.920 68.835 0.655 49.310 0.159 1230.544
189.140 0.972 66.520 0.680 48.897 0.142 1115.142
189.400 1.044 64.204 0.694 48.551 0.122 1020.974
189.600 0.999 61.879 0.726 48.292 0.103 942.635
189.848 1.013 59.508 0.807 48.113 0.087 875.604
190.295 1.091 57.060 0.761 48.018 0.090 817.082
190.573 1.228 54.562 0.825 48.007 0.083 766.277
191.048 1.065 52.275 0.756 48.081 0.087 726.133
191.250 1.277 49.819 0.831 48.242 0.100 688.618
191.682 1.225 47.439 0.826 48.446 0.120 656.884
192.126 1.244 45.078 0.792 48.768 0.137 629.195
192.530 1.460 42.612 0.879 49.178 0.158 603.704
192.886 1.295 40.375 0.837 49.628 0.169 583.211
193.640 1.358 38.147 0.825 50.168 0.171 564.960
193.953 1.639 35.810 0.731 50.816 0.204 547.867
194.506 1.611 33.488 0.800 51.535 0.230 532.732
195.318 1.688 31.484 0.717 52.280 0.229 521.001
196.227 1.597 29.592 0.747 53.086 0.256 510.946
197.030 1.664 27.571 0.734 53.972 0.297 501.219
198.091 1.844 25.717 0.698 54.899 0.291 493.149
198.995 1.919 23.767 0.802 55.970 0.293 485.474
199.812 2.022 22.166 0.724 56.883 0.331 479.758
201.136 2.065 20.332 0.630 58.062 0.279 473.822
202.218 2.035 18.804 0.664 59.205 0.337 469.351
203.713 2.613 17.151 0.602 60.413 0.363 464.977
205.736 2.571 15.797 0.617 61.705 0.328 461.739
---
185.476 0.878 80.990 0.338 52.931 0.123 2837.006
185.597 0.803 79.408 0.574 52.282 0.234 2417.083
185.751 0.833 77.353 0.584 51.492 0.214 2029.262
185.876 0.852 75.314 0.633 50.798 0.208 1752.497
186.004 0.782 73.194 0.638 50.161 0.183 1536.708
186.083 0.916 70.977 0.689 49.569 0.155 1363.124
186.440 0.956 68.694 0.645 49.070 0.141 1222.812
186.590 0.958 66.378 0.689 48.643 0.130 1108.789
186.742 1.023 64.105 0.725 48.313 0.097 1017.348
186.803 1.017 61.688 0.779 48.042 0.088 936.792
187.154 1.048 59.119 0.800 47.865 0.078 865.646
187.473 1.221 56.733 0.766 47.773 0.067 809.970
187.585 1.196 54.269 0.842 47.754 0.063 760.807
187.857 1.171 51.899 0.827 47.832 0.069 720.044
188.107 1.177 49.382 0.814 47.986 0.082 682.482
188.254 1.306 46.921 0.816 48.215 0.107 650.508
188.736 1.353 44.647 0.851 48.531 0.117 624.496
189.197 1.285 42.300 0.797 48.930 0.137 600.707
189.411 1.395 39.886 0.792 49.405 0.161 579.031
189.785 1.472 37.669 0.805 49.957 0.171 561.303
190.240 1.552 35.373 0.831 50.565 0.197 544.883
190.699 1.598 33.110 0.795 51.292 0.217 530.430
191.171 1.520 31.060 0.821 52.028 0.240 518.659
191.836 1.897 28.983 0.832 52.876 0.247 507.908
192.274 1.623 27.057 0.754 53.727 0.274 498.904
192.881 1.747 25.119 0.733 54.707 0.304 490.705
193.457 2.070 23.336 0.767 55.656 0.315 483.881
194.454 2.100 21.463 0.794 56.752 0.332 477.406
195.293 2.402 19.860 0.656 57.812 0.330 472.394
196.674 2.062 18.188 0.775 59.050 0.341 467.667
197.408 2.504 16.592 0.703 60.269 0.393 463.604
198.556 2.532 15.118 0.657 61.442 0.352 460.229
---
183.670 0.538 80.910 0.260 52.776 0.117 2812.174
183.432 0.863 79.272 0.577 52.102 0.231 2386.873
183.474 0.893 77.365 0.601 51.361 0.224 2031.252
183.498 0.909 75.150 0.613 50.606 0.194 1733.564
183.472 0.770 73.116 0.660 49.983 0.177 1529.799
183.763 0.995 70.877 0.643 49.410 0.147 1356.242
183.985 0.937 68.535 0.704 48.894 0.130 1214.181
183.822 1.044 66.227 0.717 48.474 0.115 1102.165
184.259 0.968 64.040 0.743 48.157 0.096 1014.960
184.104 1.008 61.592 0.775 47.881 0.069 933.903
184.225 1.062 59.071 0.686 47.696 0.049 864.441
184.513 0.960 56.772 0.747 47.602 0.037 810.816
184.546 1.168 54.192 0.811 47.587 0.035 759.399
184.745 1.223 51.813 0.815 47.654 0.051 718.657
184.876 1.247 49.300 0.808 47.811 0.068 681.345
185.075 1.298 46.738 0.801 48.057 0.078 648.297
185.370 1.373 44.431 0.852 48.373 0.112 622.189
185.476 1.434 42.044 0.833 48.772 0.131 598.275
185.755 1.507 39.631 0.818 49.246 0.143 576.890
185.813 1.460 37.463 0.857 49.778 0.169 559.751
186.049 1.502 35.079 0.825 50.428 0.190 542.916
186.185 1.441 33.036 0.807 51.068 0.216 529.985
186.875 1.641 30.742 0.827 51.902 0.231 516.939
186.878 1.902 28.739 0.845 52.692 0.250 506.716
187.553 1.785 26.741 0.732 53.583 0.261 497.507
187.953 1.991 24.719 0.712 54.576 0.303 489.119
187.959 1.964 22.878 0.682 55.540 0.294 482.235
188.934 2.150 21.049 0.713 56.645 0.299 476.066
188.940 2.290 19.305 0.714 57.718 0.347 470.771
189.615 2.626 17.757 0.625 58.896 0.342 466.527
190.958 2.542 15.925 0.556 60.219 0.331 462.032
192.008 3.012 14.682 0.572 61.279 0.340 459.297
---
181.146 0.896 80.803 0.306 52.680 0.167 2779.736
181.227 0.899 79.382 0.577 52.069 0.239 2411.220
181.083 0.956 77.301 0.615 51.270 0.222 2021.123
181.211 0.812 75.181 0.633 50.544 0.205 1737.175
181.159 0.872 73.030 0.706 49.896 0.191 1522.268
181.175 0.879 70.833 0.684 49.322 0.160 1353.255
181.413 0.927 68.601 0.719 48.833 0.133 1217.702
181.479 0.993 66.279 0.697 48.407 0.109 1104.450
181.356 1.066 63.913 0.730 48.055 0.090 1010.377
181.267 1.044 61.485 0.763 47.792 0.068 930.674
181.391 1.116 59.146 0.775 47.615 0.042 866.333
181.240 1.103 56.661 0.816 47.515 0.021 808.410
181.568 1.138 54.192 0.837 47.503 0.015 759.396
181.539 1.223 51.664 0.802 47.573 0.035 716.293
181.642 1.299 49.184 0.815 47.729 0.056 679.739
181.757 1.283 46.555 0.802 47.980 0.078 646.101
181.863 1.289 44.366 0.796 48.268 0.098 621.497
181.878 1.532 41.807 0.759 48.694 0.130 596.058
181.870 1.551 39.552 0.909 49.153 0.159 576.227
181.776 1.536 37.293 0.802 49.681 0.168 558.482
182.092 1.452 35.011 0.789 50.347 0.195 542.461
182.027 1.676 32.729 0.722 51.052 0.200 528.148
182.294 1.920 30.507 0.795 51.818 0.226 515.686
182.378 1.792 28.509 0.736 52.637 0.254 505.609
182.613 1.722 26.609 0.814 53.492 0.275 496.935
182.336 1.731 24.550 0.674 54.487 0.275 488.459
182.575 2.119 22.655 0.716 55.475 0.284 481.448
183.090 2.155 20.925 0.675 56.555 0.296 475.672
183.309 2.402 19.184 0.688 57.669 0.320 470.423
183.817 2.448 17.571 0.670 58.754 0.345 466.043
183.852 2.671 15.951 0.711 59.959 0.339 462.091
184.517 3.351 14.341 0.577 61.222 0.381 458.591
---
178.972 0.951 80.766 0.288 52.637 0.122 2768.752
179.004 0.905 79.372 0.561 52.069 0.224 2409.098
178.869 0.842 77.348 0.598 51.280 0.220 2028.422
178.907 0.916 75.324 0.601 50.587 0.193 1753.700
178.768 0.897 73.035 0.603 49.899 0.171 1522.640
178.734 1.016 70.925 0.666 49.345 0.155 1359.509
178.950 1.025 68.533 0.668 48.819 0.126 1214.037
178.624 1.117 66.248 0.684 48.401 0.109 1103.090
178.731 1.036 63.895 0.722 48.059 0.085 1009.721
178.631 1.039 61.495 0.758 47.795 0.067 930.982
178.532 1.080 59.016 0.798 47.612 0.041 863.065
178.597 1.128 56.622 0.836 47.515 0.019 807.576
178.499 1.129 54.121 0.853 47.503 0.014 758.089
178.319 1.253 51.625 0.793 47.575 0.033 715.678
178.307 1.258 49.140 0.766 47.729 0.060 679.139
178.399 1.284 46.656 0.827 47.971 0.081 647.307
178.368 1.273 44.336 0.903 48.275 0.109 621.176
178.122 1.402 41.996 0.841 48.684 0.121 597.832
178.119 1.413 39.661 0.808 49.144 0.149 577.141
177.877 1.552 37.134 0.874 49.726 0.180 557.309
177.800 1.543 34.955 0.771 50.334 0.194 542.092
177.675 1.787 32.796 0.704 51.021 0.203 528.545
178.029 1.727 30.636 0.746 51.810 0.216 516.373
177.635 1.742 28.559 0.802 52.651 0.237 505.848
177.967 1.636 26.589 0.809 53.497 0.266 496.847
177.400 2.083 24.649 0.700 54.428 0.268 488.844
177.753 1.853 22.805 0.667 55.445 0.302 481.977
176.724 1.937 20.929 0.730 56.527 0.323 475.683
176.965 2.342 19.195 0.649 57.651 0.326 470.454
176.441 2.362 17.474 0.733 58.789 0.333 465.794
176.423 2.704 16.088 0.618 59.903 0.297 462.410
176.284 2.631 14.543 0.552 61.139 0.329 459.006
---
176.738 0.694 80.872 0.379 52.760 0.171 2800.598
176.535 0.965 79.333 0.618 52.126 0.247 2400.274
176.463 0.963 77.252 0.588 51.331 0.206 2013.409
176.534 0.852 75.153 0.626 50.596 0.198 1733.877
176.453 0.866 73.012 0.645 49.952 0.183 1520.691
176.247 0.947 70.928 0.669 49.418 0.157 1359.744
176.257 0.941 68.541 0.665 48.892 0.137 1214.481
176.216 0.997 66.325 0.713 48.486 0.115 1106.486
176.020 1.133 63.977 0.786 48.141 0.092 1012.682
175.711 1.070 61.633 0.760 47.879 0.071 935.135
175.619 1.112 59.230 0.726 47.703 0.053 868.471
175.648 1.105 56.670 0.802 47.599 0.039 808.602
175.487 1.224 54.224 0.779 47.581 0.035 759.990
175.106 1.160 51.797 0.860 47.655 0.050 718.417
175.186 1.243 49.343 0.855 47.806 0.065 681.935
174.911 1.287 46.765 0.824 48.056 0.093 648.621
174.593 1.335 44.354 0.836 48.369 0.110 621.366
174.797 1.333 42.087 0.786 48.750 0.121 598.687
174.322 1.417 39.705 0.780 49.244 0.152 577.501
174.231 1.481 37.448 0.843 49.771 0.169 559.637
174.121 1.590 35.117 0.830 50.420 0.197 543.170
173.335 1.518 32.801 0.711 51.133 0.198 528.581
173.271 1.569 30.829 0.791 51.851 0.218 517.409
172.882 1.739 28.616 0.817 52.732 0.253 506.122
172.582 1.805 26.718 0.772 53.572 0.264 497.408
172.487 1.880 24.783 0.752 54.533 0.294 489.370
171.337 2.016 22.993 0.759 55.550 0.327 482.645
171.518 2.166 21.139 0.649 56.596 0.292 476.354
171.039 2.550 19.303 0.675 57.733 0.329 470.766
170.388 2.628 17.729 0.691 58.877 0.366 466.454
169.102 2.758 16.233 0.585 60.051 0.336 462.749
168.123 3.029 14.621 0.533 61.319 0.335 459.169
---
174.490 0.957 80.852 0.305 52.909 0.152 2794.656
174.395 0.912 79.359 0.554 52.269 0.228 2406.054
174.161 0.964 77.343 0.631 51.503 0.232 2027.647
174.008 0.785 75.309 0.594 50.796 0.200 1751.883
173.791 0.891 73.162 0.673 50.154 0.186 1533.850
173.850 0.979 70.962 0.647 49.574 0.157 1362.046
173.609 0.967 68.753 0.738 49.085 0.162 1226.052
173.338 0.920 66.343 0.697 48.648 0.117 1107.253
173.281 0.940 64.044 0.745 48.308 0.102 1015.123
173.068 1.043 61.662 0.786 48.048 0.089 936.010
172.818 1.120 59.163 0.777 47.858 0.072 866.754
172.579 1.153 56.826 0.752 47.775 0.062 811.987
172.466 1.167 54.204 0.784 47.752 0.061 759.618
172.055 1.151 51.921 0.801 47.829 0.058 720.387
172.001 1.211 49.479 0.830 47.976 0.082 683.829
171.571 1.278 47.000 0.854 48.220 0.106 651.472
171.421 1.211 44.692 0.828 48.528 0.122 624.980
170.948 1.463 42.343 0.865 48.908 0.143 601.114
170.722 1.299 39.853 0.762 49.413 0.161 578.746
170.310 1.503 37.671 0.799 49.941 0.174 561.315
169.814 1.541 35.452 0.793 50.566 0.202 545.418
169.568 1.744 33.267 0.757 51.276 0.229 531.381
169.032 1.806 31.046 0.781 52.016 0.226 518.584
168.346 1.703 29.093 0.740 52.839 0.224 508.451
167.870 1.784 27.133 0.686 53.707 0.276 499.241
167.460 2.137 25.110 0.614 54.697 0.296 490.670
166.522 2.023 23.392 0.833 55.643 0.318 484.086
165.560 2.079 21.445 0.821 56.754 0.307 477.346
164.801 2.341 19.733 0.801 57.863 0.324 472.019
163.645 2.526 18.157 0.657 59.003 0.339 467.582
162.693 2.561 16.505 0.639 60.224 0.358 463.394
161.277 2.862 14.974 0.633 61.459 0.378 459.917
---
172.227 0.587 80.730 0.245 53.053 0.106 2758.176
172.118 0.855 79.442 0.620 52.524 0.258 2424.870
171.894 0.909 77.418 0.606 51.745 0.244 2039.639
171.742 0.853 75.270 0.637 50.990 0.213 1747.408
171.614 0.998 73.141 0.626 50.357 0.179 1531.941
171.366 0.945 71.097 0.646 49.817 0.156 1371.416
171.167 0.892 68.824 0.717 49.316 0.166 1229.939
170.873 0.993 66.567 0.660 48.904 0.121 1117.253
170.557 0.986 64.110 0.733 48.536 0.116 1017.547
170.445 1.043 61.920 0.642 48.293 0.098 943.904
170.247 1.010 59.510 0.729 48.107 0.086 875.661
169.855 1.147 56.986 0.720 48.018 0.087 815.454
169.451 1.249 54.529 0.727 48.006 0.089 765.651
168.973 1.207 52.257 0.765 48.068 0.089 725.843
168.625 1.274 49.567 0.769 48.229 0.102 685.054
168.063 1.287 47.184 0.770 48.484 0.112 653.718
167.786 1.194 44.932 0.809 48.789 0.133 627.593
167.425 1.478 42.463 0.862 49.182 0.160 602.264
166.895 1.292 40.132 0.860 49.683 0.201 581.120
166.450 1.422 38.041 0.790 50.187 0.184 564.138
166.127 1.348 35.790 0.722 50.811 0.192 547.730
165.572 1.670 33.563 0.719 51.511 0.219 533.194
164.191 1.561 31.727 0.840 52.227 0.228 522.361
164.082 1.482 29.429 0.819 53.081 0.269 510.123
163.015 1.690 27.561 0.744 53.992 0.293 501.172
162.032 2.008 25.827 0.730 54.890 0.293 493.604
160.939 1.816 23.889 0.708 55.924 0.293 485.930
159.624 2.187 22.126 0.760 56.981 0.332 479.619
158.980 2.223 20.392 0.742 58.032 0.354 474.005
157.834 2.076 18.745 0.528 59.189 0.334 469.186
156.452 2.965 17.220 0.634 60.336 0.351 465.151
154.556 2.795 15.859 0.660 61.617 0.353 461.880
---
169.672 0.881 81.047 0.362 53.474 0.180 2854.820
169.901 0.947 79.425 0.603 52.784 0.236 2420.887
169.755 0.846 77.536 0.620 52.064 0.245 2058.540
169.444 0.892 75.460 0.600 51.351 0.215 1769.766
169.302 0.955 73.397 0.693 50.705 0.210 1554.952
168.968 0.939 71.263 0.649 50.146 0.188 1383.122
168.641 0.947 68.903 0.747 49.624 0.168 1234.330
168.316 0.954 66.745 0.679 49.226 0.161 1125.329
168.109 1.013 64.408 0.730 48.875 0.139 1028.577
167.558 1.020 62.043 0.681 48.631 0.125 947.735
167.474 0.950 59.780 0.717 48.437 0.106 882.723
166.904 1.031 57.220 0.736 48.349 0.108 820.623
166.420 1.077 54.871 0.770 48.341 0.112 772.140
166.009 1.063 52.450 0.795 48.412 0.101 729.010
165.617 1.062 50.030 0.795 48.557 0.120 691.635
165.354 1.181 47.779 0.834 48.774 0.122 661.166
164.593 1.385 45.189 0.762 49.131 0.146 630.415
164.047 1.394 43.020 0.782 49.496 0.149 607.706
163.496 1.484 40.805 0.809 49.964 0.172 586.972
162.805 1.382 38.521 0.794 50.500 0.186 567.879
162.004 1.376 36.303 0.819 51.150 0.218 551.308
161.464 1.471 34.111 0.805 51.806 0.201 536.628
160.640 1.627 32.169 0.779 52.550 0.248 524.881
159.933 1.677 30.143 0.781 53.340 0.270 513.777
158.486 1.749 28.202 0.683 54.255 0.278 504.149
157.437 1.760 26.354 0.719 55.196 0.310 495.833
156.561 1.835 24.634 0.741 56.161 0.316 488.785
155.181 1.950 22.750 0.710 57.266 0.323 481.781
153.506 2.014 21.053 0.754 58.417 0.328 476.079
151.972 2.028 19.514 0.782 59.520 0.332 471.376
151.246 2.135 18.083 0.772 60.571 0.356 467.386
148.241 2.292 16.804 0.616 61.833 0.358 464.119
---
168.097 0.782 81.044 0.329 53.778 0.178 2853.931
167.599 0.733 79.551 0.618 53.193 0.275 2449.743
167.597 0.806 77.636 0.579 52.429 0.238 2075.038
167.130 0.873 75.583 0.588 51.748 0.220 1784.521
166.823 0.822 73.475 0.636 51.095 0.246 1562.015
166.437 0.882 71.243 0.613 50.519 0.194 1381.740
166.307 0.914 69.142 0.611 50.026 0.185 1247.869
165.953 1.000 66.892 0.681 49.618 0.168 1132.081
165.335 1.062 64.633 0.792 49.294 0.156 1037.091
164.943 0.972 62.279 0.716 49.032 0.147 955.143
164.569 1.079 59.978 0.801 48.850 0.145 888.010
164.166 1.083 57.566 0.784 48.757 0.129 828.403
163.476 1.016 55.232 0.808 48.780 0.129 779.117
163.043 1.061 52.922 0.810 48.827 0.118 736.941
162.596 1.105 50.593 0.771 48.979 0.146 699.872
162.023 1.217 48.062 0.786 49.207 0.159 664.792
161.205 1.153 45.844 0.776 49.528 0.165 637.800
160.860 1.248 43.575 0.781 49.889 0.175 613.270
160.068 1.284 41.228 0.819 50.382 0.199 590.749
159.301 1.368 39.235 0.905 50.896 0.215 573.618
158.618 1.508 36.865 0.722 51.507 0.250 555.336
157.656 1.491 34.809 0.840 52.195 0.252 541.130
156.718 1.565 32.819 0.825 52.900 0.275 528.682
155.900 1.694 30.771 0.775 53.737 0.295 517.099
154.387 1.698 28.872 0.807 54.663 0.296 507.365
153.628 1.604 27.075 0.743 55.544 0.314 498.984
151.942 1.784 25.245 0.656 56.570 0.276 491.216
150.944 2.020 23.655 0.680 57.498 0.328 485.054
149.091 2.071 22.064 0.739 58.683 0.366 479.409
146.837 2.042 20.479 0.678 59.837 0.323 474.272
145.751 2.151 19.096 0.687 60.942 0.338 470.173
142.909 2.161 17.844 0.775 62.173 0.367 466.754
---
165.766 0.913 81.101 0.324 54.237 0.194 2872.266
165.699 0.793 79.630 0.555 53.637 0.272 2468.372
165.253 0.775 77.776 0.661 52.923 0.264 2098.391
164.950 0.877 75.681 0.558 52.177 0.222 1796.455
164.524 0.980 73.649 0.692 51.550 0.252 1578.171
164.187 0.956 71.541 0.631 51.003 0.223 1403.220
163.789 0.858 69.443 0.676 50.534 0.189 1265.318
163.360 0.962 67.016 0.725 50.098 0.203 1137.830
162.880 0.938 64.930 0.804 49.779 0.179 1048.568
162.388 1.052 62.551 0.675 49.529 0.172 963.870
161.980 1.074 60.340 0.720 49.345 0.165 897.833
161.483 0.996 57.989 0.715 49.225 0.146 838.170
160.985 1.052 55.634 0.760 49.222 0.149 787.108
160.153 1.198 53.324 0.758 49.330 0.163 743.866
159.505 1.212 51.092 0.732 49.469 0.158 707.398
158.984 1.246 48.845 0.768 49.683 0.162 675.124
158.243 1.376 46.477 0.846 49.984 0.180 645.173
157.540 1.369 44.239 0.825 50.396 0.212 620.149
156.966 1.306 42.007 0.718 50.817 0.200 597.933
155.979 1.404 39.710 0.852 51.385 0.234 577.550
155.281 1.146 37.645 0.706 51.958 0.248 561.117
153.901 1.507 35.623 0.862 52.670 0.231 546.586
153.141 1.347 33.531 0.841 53.388 0.238 533.000
151.916 1.498 31.546 0.788 54.220 0.280 521.347
150.843 1.525 29.840 0.776 55.040 0.302 512.210
149.396 1.663 28.006 0.718 55.939 0.267 503.227
147.697 1.726 26.236 0.790 57.007 0.319 495.328
145.931 1.864 24.640 0.768 58.026 0.349 488.807
144.513 1.866 23.170 0.719 59.086 0.340 483.281
142.849 2.079 21.458 0.752 60.175 0.344 477.390
140.673 1.948 20.149 0.740 61.363 0.333 473.263
138.566 1.926 18.875 0.764 62.573 0.360 469.549
---
163.865 0.595 81.115 0.386 54.731 0.208 2876.648
163.568 0.858 79.657 0.526 54.113 0.257 2474.754
162.997 0.844 77.781 0.596 53.406 0.269 2099.148
162.758 0.809 75.859 0.623 52.728 0.251 1818.628
162.459 0.981 73.792 0.639 52.080 0.249 1591.807
161.908 0.874 71.749 0.579 51.543 0.201 1418.699
161.465 0.881 69.593 0.638 51.085 0.215 1274.235
160.977 0.953 67.358 0.694 50.640 0.224 1154.096
160.542 0.900 65.164 0.670 50.321 0.182 1057.782
159.955 1.003 62.989 0.693 50.087 0.178 978.270
159.337 0.980 60.666 0.748 49.911 0.179 906.918
158.822 1.074 58.421 0.704 49.824 0.172 848.425
158.266 1.124 56.032 0.719 49.794 0.169 795.196
157.521 1.042 53.847 0.769 49.893 0.163 753.125
156.774 1.298 51.549 0.784 50.037 0.195 714.484
156.042 1.233 49.171 0.838 50.246 0.192 679.566
155.248 1.121 47.044 0.776 50.585 0.216 652.009
154.577 1.108 44.912 0.742 50.924 0.212 627.375
153.616 1.227 42.670 0.719 51.405 0.203 604.270
152.707 1.197 40.480 0.723 51.897 0.229 584.121
151.647 1.131 38.443 0.739 52.517 0.226 567.266
150.539 1.342 36.494 0.758 53.199 0.260 552.667
149.586 1.360 34.443 0.828 53.901 0.261 538.751
148.444 1.454 32.478 0.812 54.713 0.265 526.675
146.951 1.513 30.705 0.752 55.573 0.289 516.745
145.802 1.541 28.874 0.790 56.496 0.322 507.375
144.123 1.563 27.328 0.718 57.441 0.325 500.115
142.388 1.757 25.682 0.653 58.497 0.313 493.001
140.616 1.730 24.134 0.781 59.613 0.292 486.856
138.645 1.795 22.657 0.653 60.638 0.376 481.455
136.190 1.504 21.394 0.692 61.853 0.364 477.180
134.070 1.832 20.104 0.698 63.060 0.381 473.126
---
161.703 0.937 81.196 0.269 55.266 0.159 2902.873
161.475 0.746 79.793 0.506 54.709 0.266 2507.343
161.122 0.889 78.036 0.553 54.026 0.247 2143.226
160.734 0.875 76.065 0.571 53.316 0.271 1844.978
160.164 0.916 74.064 0.604 52.721 0.266 1618.160
159.750 0.868 72.007 0.681 52.165 0.252 1438.343
159.257 1.064 69.909 0.593 51.711 0.203 1293.408
158.698 0.883 67.668 0.631 51.257 0.200 1169.296
158.230 0.856 65.525 0.709 50.953 0.214 1072.426
157.600 0.929 63.295 0.698 50.694 0.211 988.654
157.060 1.059 61.259 0.660 50.530 0.190 923.986
156.252 1.060 58.878 0.741 50.446 0.214 859.603
155.741 1.062 56.625 0.659 50.419 0.202 807.648
154.858 1.024 54.342 0.763 50.514 0.192 762.155
154.140 1.168 52.060 0.735 50.641 0.204 722.630
153.533 1.202 49.847 0.785 50.857 0.206 689.019
152.686 1.067 47.680 0.762 51.131 0.222 659.913
151.518 1.155 45.599 0.708 51.560 0.229 635.011
150.626 1.138 43.365 0.865 52.012 0.198 611.145
149.689 1.249 41.431 0.744 52.523 0.236 592.596
148.651 1.289 39.328 0.772 53.102 0.261 574.379
147.668 1.304 37.142 0.738 53.767 0.263 557.370
146.469 1.215 35.344 0.832 54.504 0.250 544.689
144.935 1.396 33.422 0.805 55.344 0.281 532.326
143.398 1.517 31.898 0.748 56.150 0.309 523.326
141.821 1.573 30.008 0.676 57.112 0.311 513.076
140.773 1.502 28.373 0.741 57.994 0.358 504.958
139.075 1.522 26.867 0.645 58.974 0.391 498.060
136.891 1.573 25.265 0.620 60.099 0.325 491.294
135.040 1.818 24.087 0.639 61.208 0.384 486.675
132.783 1.614 22.657 0.789 62.369 0.341 481.455
131.226 1.743 21.474 0.604 63.453 0.398 477.442
---
160.026 0.766 81.344 0.275 55.876 0.306 2951.970
159.415 0.785 79.875 0.528 55.340 0.264 2527.353
159.004 0.707 78.230 0.539 54.740 0.272 2178.032
158.558 0.724 76.216 0.603 53.985 0.289 1864.752
158.161 0.853 74.309 0.549 53.412 0.212 1642.868
157.597 0.841 72.217 0.625 52.845 0.266 1454.784
157.082 0.833 70.124 0.604 52.357 0.235 1306.821
156.382 0.888 68.035 0.615 51.983 0.222 1187.826
155.848 0.858 65.860 0.708 51.653 0.219 1086.407
155.235 0.870 63.795 0.739 51.420 0.208 1006.166
154.565 1.006 61.437 0.705 51.221 0.234 929.248
154.037 0.914 59.396 0.662 51.135 0.218 872.704
153.128 0.902 57.115 0.756 51.143 0.207 818.296
152.324 0.971 54.950 0.707 51.233 0.221 773.645
151.665 1.053 52.648 0.763 51.333 0.226 732.316
150.711 1.105 50.719 0.739 51.599 0.211 701.764
149.851 1.223 48.548 0.689 51.867 0.222 671.152
148.883 1.243 46.244 0.724 52.274 0.252 642.438
147.958 1.038 44.097 0.615 52.704 0.250 618.659
146.737 1.266 42.179 0.719 53.235 0.253 599.554
145.870 1.123 40.346 0.718 53.730 0.257 582.960
144.638 1.296 38.282 0.802 54.413 0.260 566.004
143.409 1.204 36.392 0.743 55.163 0.325 551.941
141.868 1.381 34.572 0.759 55.940 0.296 539.586
140.585 1.509 32.704 0.809 56.804 0.321 528.001
139.238 1.649 31.196 0.746 57.679 0.327 519.404
137.322 1.373 29.579 0.689 58.661 0.310 510.882
135.554 1.446 27.978 0.724 59.695 0.358 503.100
133.931 1.426 26.549 0.748 60.644 0.325 496.672
132.075 1.323 25.180 0.642 61.782 0.307 490.952
129.957 1.671 23.886 0.636 62.847 0.418 485.916
127.534 1.658 22.705 0.704 64.097 0.397 481.624
---
158.004 0.982 81.359 0.111 56.516 0.221 2957.251
157.342 0.656 80.004 0.559 56.116 0.320 2559.678
157.026 0.736 78.301 0.523 55.376 0.268 2191.074
156.412 0.933 76.394 0.553 54.757 0.303 1888.622
155.998 0.761 74.414 0.595 54.121 0.279 1653.635
155.516 0.852 72.442 0.547 53.575 0.268 1472.822
154.748 0.791 70.429 0.604 53.160 0.242 1326.393
154.100 0.854 68.406 0.655 52.771 0.252 1207.274
153.568 0.860 66.304 0.649 52.446 0.254 1105.543
152.898 0.993 64.254 0.682 52.210 0.257 1022.823
152.291 0.878 62.090 0.663 52.034 0.238 949.189
151.555 0.912 59.914 0.614 51.913 0.236 886.305
150.673 0.988 57.813 0.710 51.933 0.238 834.076
149.991 0.951 55.651 0.732 51.954 0.238 787.447
149.180 1.000 53.509 0.709 52.121 0.235 747.098
148.083 1.024 51.334 0.664 52.387 0.251 711.135
147.387 1.042 49.194 0.760 52.617 0.237 679.878
146.396 1.135 47.191 0.774 52.983 0.255 653.808
145.183 1.124 45.044 0.707 53.461 0.250 628.815
144.339 1.175 43.141 0.708 53.927 0.286 608.904
143.066 1.322 41.130 0.710 54.540 0.313 589.869
141.889 1.105 39.169 0.700 55.167 0.246 573.079
140.900 1.289 37.405 0.713 55.816 0.295 559.319
139.323 1.170 35.664 0.740 56.638 0.280 546.865
137.669 1.329 33.978 0.734 57.494 0.318 535.783
136.314 1.286 32.230 0.710 58.321 0.335 525.230
134.503 1.368 30.735 0.707 59.337 0.315 516.903
132.818 1.536 29.310 0.689 60.296 0.359 509.529
131.079 1.406 27.846 0.773 61.345 0.377 502.485
129.156 1.198 26.420 0.748 62.404 0.357 496.114
127.251 1.631 25.244 0.647 63.521 0.396 491.211
124.852 1.280 24.197 0.663 64.747 0.409 487.096
---
155.296 0.632 81.127 0.645 57.611 0.088 2880.451
155.578 0.762 80.122 0.541 56.833 0.330 2589.807
155.007 0.810 78.478 0.519 56.208 0.298 2224.428
154.619 0.800 76.546 0.582 55.514 0.284 1909.560
154.060 0.770 74.693 0.556 54.931 0.298 1682.963
153.376 0.836 72.760 0.572 54.425 0.269 1499.126
152.921 0.748 70.695 0.614 53.930 0.290 1343.905
152.178 0.852 68.702 0.672 53.566 0.269 1223.220
151.473 0.873 66.859 0.656 53.265 0.256 1130.545
150.744 0.940 64.681 0.697 53.027 0.278 1038.904
150.093 0.856 62.579 0.639 52.865 0.265 964.769
149.406 0.905 60.501 0.651 52.758 0.257 902.300
148.500 0.885 58.425 0.675 52.769 0.252 848.527
147.588 0.998 56.274 0.677 52.841 0.257 800.223
146.780 0.900 54.092 0.751 52.935 0.253 757.567
145.826 1.006 52.003 0.758 53.201 0.255 721.708
144.898 1.074 50.033 0.731 53.483 0.271 691.676
143.802 1.114 47.965 0.731 53.844 0.281 663.549
142.909 1.106 46.099 0.738 54.240 0.286 640.739
141.508 1.057 44.210 0.714 54.749 0.286 619.852
140.432 1.132 42.139 0.726 55.390 0.312 599.172
139.380 0.982 40.245 0.764 55.914 0.267 582.087
137.935 1.116 38.482 0.765 56.673 0.348 567.577
136.697 1.196 36.766 0.666 57.415 0.329 554.621
135.049 1.156 35.089 0.702 58.216 0.363 542.981
133.896 1.243 33.484 0.697 59.068 0.329 532.710
131.755 1.239 32.074 0.618 60.066 0.318 524.335
130.281 1.496 30.498 0.682 61.040 0.378 515.641
128.468 1.063 29.055 0.740 62.060 0.354 508.261
126.886 1.398 27.957 0.673 63.125 0.386 503.002
124.599 1.315 26.650 0.663 64.176 0.356 497.114
122.654 1.423 25.195 0.550 65.357 0.392 491.013
---
154.613 0.000 81.857 0.000 58.222 0.000 3136.599
153.702 0.801 80.316 0.503 57.684 0.321 2641.259
153.284 0.677 78.598 0.546 57.022 0.306 2247.356
152.652 0.734 76.760 0.507 56.382 0.284 1939.882
152.098 0.762 74.964 0.565 55.773 0.315 1712.645
151.460 0.784 73.043 0.550 55.324 0.338 1523.393
150.801 0.919 71.073 0.502 54.860 0.292 1369.775
150.109 0.830 69.157 0.604 54.510 0.287 1248.694
149.559 0.785 67.075 0.623 54.144 0.292 1140.610
148.528 0.809 65.136 0.636 53.969 0.281 1056.702
147.869 0.832 63.012 0.627 53.799 0.284 979.053
147.289 0.903 61.041 0.630 53.673 0.261 917.634
146.285 0.826 58.882 0.675 53.667 0.272 859.707
145.436 0.985 56.853 0.655 53.715 0.279 812.564
144.574 0.932 54.893 0.698 53.871 0.289 772.555
143.733 1.040 52.814 0.643 54.039 0.281 735.100
142.706 1.087 50.735 0.687 54.334 0.292 702.002
141.465 1.137 48.794 0.655 54.696 0.281 674.434
140.591 1.152 47.109 0.611 55.149 0.296 652.804
139.409 0.887 45.033 0.674 55.573 0.265 628.692
137.919 1.084 43.246 0.719 56.252 0.273 609.946
136.876 1.021 41.359 0.694 56.797 0.330 591.935
135.547 1.163 39.710 0.749 57.481 0.323 577.544
134.241 1.227 37.874 0.728 58.300 0.315 562.856
132.904 1.191 36.272 0.664 58.992 0.354 551.093
131.249 1.027 34.743 0.696 59.936 0.295 540.697
129.465 1.333 33.359 0.636 60.851 0.431 531.939
127.924 1.095 31.846 0.700 61.820 0.375 523.034
126.160 1.196 30.506 0.610 62.788 0.384 515.681
124.431 1.227 29.120 0.665 63.819 0.355 508.584
122.379 1.153 27.924 0.664 64.992 0.373 502.848
120.307 1.145 27.003 0.664 66.164 0.385 498.662
---
-nan -nan -nan -nan -nan -nan -nan
152.065 0.791 80.362 0.434 58.485 0.308 2653.679
151.428 0.705 78.819 0.543 57.920 0.337 2291.284
150.903 0.759 77.074 0.519 57.304 0.330 1986.170
150.042 0.756 75.194 0.608 56.735 0.326 1738.657
149.576 0.846 73.326 0.581 56.184 0.314 1548.523
148.916 0.769 71.389 0.640 55.765 0.340 1392.199
148.268 0.784 69.525 0.613 55.397 0.273 1270.155
147.442 0.900 67.543 0.623 55.102 0.284 1163.105
146.780 0.894 65.587 0.629 54.865 0.288 1074.985
145.926 0.843 63.588 0.672 54.725 0.249 998.817
144.943 0.920 61.645 0.567 54.717 0.279 935.511
144.131 0.895 59.697 0.630 54.673 0.285 880.554
143.372 0.887 57.640 0.710 54.710 0.284 830.095
142.471 0.784 55.586 0.649 54.821 0.279 786.136
141.513 0.882 53.594 0.654 55.015 0.302 748.610
140.443 0.942 51.654 0.614 55.310 0.299 716.137
139.431 0.940 49.905 0.697 55.640 0.294 689.849
138.548 0.943 47.776 0.669 56.059 0.295 661.134
137.316 1.060 46.000 0.694 56.523 0.328 639.600
135.943 1.090 44.200 0.726 57.119 0.315 619.745
134.680 1.063 42.452 0.808 57.705 0.317 602.157
133.463 1.142 40.776 0.704 58.375 0.318 586.714
131.924 0.980 39.144 0.799 59.084 0.295 572.872
130.745 1.267 37.361 0.714 59.863 0.390 558.992
129.065 1.265 35.924 0.717 60.803 0.392 548.656
127.500 0.955 34.514 0.719 61.683 0.385 539.210
125.980 1.008 33.078 0.703 62.586 0.329 530.235
124.055 1.084 31.756 0.693 63.689 0.370 522.525
122.400 1.193 30.545 0.553 64.692 0.416 515.890
120.129 1.053 29.228 0.695 65.885 0.307 509.118
118.587 1.210 28.065 0.626 66.849 0.392 503.505
---
-nan -nan -nan -nan -nan -nan -nan
150.355 0.631 80.413 0.391 59.412 0.336 2667.739
149.642 0.793 79.023 0.530 58.943 0.324 2333.308
148.973 0.753 77.202 0.530 58.284 0.350 2005.750
148.437 0.750 75.505 0.511 57.682 0.313 1775.156
147.687 0.816 73.651 0.603 57.251 0.332 1578.418
146.911 0.795 71.775 0.579 56.840 0.326 1420.642
146.294 0.784 69.912 0.567 56.424 0.310 1293.589
145.593 0.754 67.994 0.583 56.131 0.303 1185.751
144.823 0.747 66.026 0.638 55.891 0.314 1093.480
143.957 0.840 64.088 0.666 55.788 0.298 1016.719
143.166 0.931 62.104 0.636 55.620 0.307 949.635
142.382 0.898 60.340 0.599 55.670 0.305 897.838
141.504 0.872 58.221 0.672 55.722 0.300 843.645
140.624 0.840 56.406 0.618 55.774 0.316 803.000
139.392 0.887 54.467 0.649 56.066 0.319 764.490
138.255 0.918 52.671 0.659 56.364 0.303 732.702
137.401 0.886 50.612 0.724 56.651 0.299 700.154
136.289 1.038 48.889 0.675 57.081 0.330 675.717
135.057 0.939 46.880 0.619 57.555 0.326 650.007
133.940 0.865 45.209 0.603 58.096 0.322 630.637
132.707 1.051 43.528 0.649 58.687 0.349 612.796
131.419 1.093 41.838 0.640 59.291 0.347 596.351
130.041 1.043 40.150 0.642 60.077 0.368 581.267
128.440 0.942 38.694 0.673 60.895 0.356 569.250
127.155 1.135 37.225 0.659 61.658 0.302 557.979
125.237 1.155 35.752 0.575 62.694 0.389 547.469
124.020 1.105 34.390 0.582 63.425 0.358 538.405
122.334 1.071 32.936 0.671 64.559 0.375 529.385
120.563 1.301 31.683 0.564 65.511 0.410 522.112
118.578 1.163 30.645 0.608 66.756 0.357 516.425
116.853 1.120 29.497 0.595 67.717 0.386 510.467
---
148.412 0.000 81.925 0.000 61.439 0.000 3162.935
148.762 0.665 80.645 0.417 60.378 0.301 2733.357
147.971 0.720 79.283 0.546 59.960 0.402 2389.254
147.344 0.741 77.428 0.554 59.264 0.343 2041.164
146.804 0.739 75.681 0.549 58.686 0.321 1796.502
146.004 0.722 73.839 0.521 58.195 0.325 1596.256
145.358 0.782 72.144 0.554 57.810 0.342 1449.033
144.587 0.775 70.382 0.580 57.503 0.338 1323.291
143.829 0.783 68.406 0.634 57.150 0.333 1207.236
142.930 0.687 66.624 0.602 56.954 0.289 1119.808
142.179 0.761 64.648 0.564 56.806 0.332 1037.650
141.309 0.832 62.899 0.595 56.739 0.324 975.292
140.475 0.752 60.883 0.650 56.735 0.291 913.068
139.545 0.818 58.869 0.663 56.707 0.292 859.385
138.482 0.852 57.036 0.666 56.904 0.310 816.552
137.670 0.793 55.103 0.603 57.038 0.312 776.607
136.438 0.881 53.316 0.703 57.373 0.325 743.729
135.536 0.904 51.486 0.731 57.648 0.341 713.505
134.321 0.953 49.704 0.602 58.093 0.354 686.990
133.288 0.965 48.138 0.612 58.536 0.335 665.781
131.835 0.914 46.340 0.662 59.199 0.303 643.563
130.711 0.865 44.758 0.666 59.701 0.366 625.696
129.689 0.987 42.999 0.631 60.324 0.347 607.496
128.097 0.954 41.348 0.623 61.068 0.328 591.843
126.752 1.123 39.826 0.612 61.803 0.359 578.522
125.231 0.938 38.306 0.646 62.713 0.370 566.193
123.977 1.074 36.979 0.663 63.444 0.375 556.171
122.365 1.161 35.619 0.587 64.411 0.422 546.556
120.367 1.132 34.253 0.759 65.475 0.408 537.527
119.065 0.982 33.154 0.650 66.408 0.392 530.695
116.915 1.211 31.905 0.664 67.566 0.402 523.369
115.399 1.031 30.804 0.579 68.622 0.455 517.277
