phi std_phi theta std_theta rho std_rho effective thickness
---
-65.867 0.931 29.660 0.590 68.944 0.416 511.293
-64.193 0.830 30.594 0.614 67.835 0.388 516.149
-62.480 1.104 31.676 0.688 66.738 0.459 522.075
-60.534 1.038 32.772 0.694 65.627 0.383 528.404
-59.313 1.009 33.897 0.794 64.713 0.397 535.275
-57.513 1.217 35.326 0.598 63.710 0.407 544.571
-55.641 0.933 36.580 0.760 62.750 0.400 553.284
-54.611 1.150 37.923 0.570 62.000 0.431 563.230
-53.181 0.879 39.403 0.560 61.271 0.395 574.995
-51.647 0.926 40.969 0.719 60.428 0.393 588.429
-50.167 0.990 42.445 0.627 59.742 0.355 602.089
-48.918 0.853 44.267 1.077 59.110 0.329 620.445
-47.861 1.330 45.675 0.742 58.554 0.334 635.866
-46.368 0.914 47.609 0.795 57.975 0.366 659.015
-45.588 0.910 49.120 0.725 57.664 0.328 678.867
-44.127 1.561 51.265 1.725 57.276 0.369 710.068
-43.083 0.927 52.832 0.839 56.896 0.336 735.402
-42.154 0.745 54.869 0.857 56.691 0.311 772.086
-41.143 0.774 56.227 0.673 56.480 0.320 799.229
-40.139 0.750 58.255 0.807 56.418 0.317 844.447
-39.280 0.997 60.211 0.795 56.449 0.309 894.302
-38.408 0.803 62.149 0.738 56.481 0.324 951.033
-37.713 0.750 63.924 0.768 56.613 0.351 1010.763
-36.684 0.813 65.778 0.890 56.796 0.316 1082.948
-36.137 1.472 67.677 0.854 57.040 0.290 1169.727
-35.329 0.843 69.493 0.915 57.345 0.357 1268.269
-34.463 0.824 71.395 0.920 57.726 0.331 1392.592
-33.765 0.703 73.095 0.707 58.164 0.327 1527.936
-33.147 0.820 74.760 0.969 58.691 0.369 1690.187
-32.482 0.843 76.525 0.981 59.321 0.351 1906.705
-32.116 1.918 78.504 1.129 59.989 0.324 2229.341
-31.307 1.581 80.168 1.336 60.681 0.359 2601.960
---
-64.581 1.636 28.225 0.668 68.074 0.478 504.258
-62.903 1.018 29.223 0.636 66.983 0.405 509.094
-60.914 0.900 30.406 0.665 65.829 0.411 515.154
-58.927 0.965 31.593 0.653 64.783 0.382 521.606
-57.256 1.029 32.699 0.820 63.692 0.408 527.974
-55.671 0.966 33.975 0.619 62.719 0.408 535.762
-54.110 1.047 35.371 0.645 61.918 0.396 544.869
-52.662 0.966 36.769 0.622 60.986 0.338 554.646
-51.003 0.942 38.163 0.670 60.161 0.379 565.086
-49.893 0.967 39.911 0.607 59.421 0.316 579.239
-48.388 0.872 41.508 0.779 58.716 0.315 593.302
-46.806 1.124 43.173 0.940 57.993 0.317 609.222
-45.666 1.000 44.857 0.696 57.472 0.335 626.773
-44.592 0.898 46.423 0.714 56.938 0.280 644.540
-43.572 1.008 48.092 0.969 56.568 0.275 665.187
-42.361 0.853 50.043 0.869 56.202 0.300 691.824
-41.396 1.557 52.066 1.641 55.849 0.302 722.730
-40.259 0.849 53.654 0.727 55.589 0.320 749.677
-39.104 0.760 55.582 0.687 55.417 0.257 786.061
-38.393 0.779 57.637 0.776 55.368 0.296 830.037
-37.398 0.779 59.458 0.957 55.314 0.314 874.324
-36.717 0.916 61.497 0.748 55.406 0.298 931.047
-35.683 0.942 63.362 0.862 55.459 0.332 990.952
-34.726 0.777 65.402 0.915 55.613 0.297 1067.403
-34.241 0.770 67.073 0.878 55.923 0.299 1140.504
-33.366 0.850 69.145 0.732 56.212 0.295 1248.014
-32.715 1.259 71.059 0.894 56.668 0.326 1368.778
-32.186 1.158 72.877 1.189 57.135 0.313 1509.013
-31.465 0.946 74.576 0.754 57.708 0.335 1670.599
-30.805 0.942 76.536 1.191 58.281 0.352 1908.175
-30.057 0.939 78.171 1.194 58.898 0.282 2167.487
-29.304 1.203 80.120 1.044 59.706 0.308 2589.385
---
-62.876 0.883 26.793 0.580 67.263 0.400 497.737
-60.961 0.970 27.917 0.586 66.101 0.389 502.812
-59.245 1.338 28.899 0.618 64.952 0.393 507.495
-57.222 1.095 30.250 0.766 63.872 0.430 514.333
-55.317 0.985 31.504 0.508 62.741 0.426 521.111
-53.841 0.935 32.649 0.702 61.924 0.327 527.679
-52.183 1.198 34.214 0.607 60.919 0.368 537.280
-50.592 0.926 35.690 0.779 60.076 0.317 547.043
-49.108 1.117 37.042 0.690 59.270 0.343 556.635
-47.693 1.005 38.703 0.656 58.439 0.327 569.324
-46.391 0.919 40.227 0.642 57.790 0.339 581.928
-44.907 0.967 41.963 0.723 57.076 0.330 597.514
-43.595 1.035 43.697 0.677 56.464 0.315 614.521
-42.719 0.853 45.453 0.611 56.044 0.283 633.364
-41.519 0.923 47.379 0.715 55.576 0.328 656.133
-40.207 0.884 49.161 0.742 55.113 0.293 679.427
-39.316 1.207 51.029 0.978 54.902 0.312 706.437
-38.128 0.995 52.982 0.843 54.571 0.302 737.963
-37.177 0.960 55.007 0.822 54.416 0.309 774.755
-36.510 0.998 56.989 0.792 54.344 0.318 815.532
-35.522 0.964 58.843 0.772 54.317 0.324 858.733
-34.742 1.128 60.855 1.106 54.365 0.276 912.281
-33.958 1.029 62.928 0.747 54.518 0.279 976.242
-32.991 0.827 64.979 0.756 54.679 0.278 1050.460
-32.433 0.852 66.936 2.052 54.947 0.292 1134.096
-31.445 0.966 68.781 0.924 55.303 0.304 1227.555
-31.064 0.855 70.798 0.890 55.765 0.299 1350.860
-30.431 1.081 72.467 0.845 56.168 0.305 1474.865
-29.510 1.103 74.631 1.976 56.687 0.303 1676.357
-29.145 0.719 76.229 0.824 57.370 0.348 1866.428
-28.332 1.046 77.960 0.881 58.001 0.321 2129.938
-27.673 1.106 79.851 1.281 58.790 0.346 2521.358
---
-56.678 30.689 26.708 7.824 66.496 0.416 497.365
-59.398 1.292 26.518 0.608 65.348 0.421 496.537
-57.105 1.010 27.641 0.694 64.190 0.361 501.538
-55.265 1.045 28.888 0.595 63.041 0.372 507.443
-53.379 1.081 30.069 0.597 61.973 0.362 513.390
-51.395 1.142 31.532 0.723 61.002 0.371 521.264
-49.724 1.251 32.819 0.490 60.029 0.385 528.686
-48.242 1.042 34.501 0.752 59.153 0.356 539.126
-46.717 1.232 35.907 0.685 58.325 0.339 548.537
-45.552 0.964 37.472 0.676 57.617 0.313 559.820
-44.058 1.039 39.109 0.734 56.819 0.347 572.592
-42.880 1.072 41.061 1.087 56.167 0.312 589.252
-41.387 0.959 42.718 0.725 55.546 0.306 604.736
-40.364 0.885 44.477 0.684 55.043 0.280 622.679
-39.052 0.949 46.387 0.750 54.540 0.299 644.113
-38.244 1.102 48.336 1.070 54.201 0.267 668.363
-37.076 0.876 50.340 0.806 53.887 0.302 696.137
-36.193 0.938 52.205 0.748 53.653 0.290 724.986
-35.359 1.260 54.252 1.278 53.474 0.235 760.491
-34.170 1.014 56.408 0.871 53.348 0.288 803.039
-33.367 1.065 58.132 0.704 53.345 0.260 841.540
-32.377 1.552 60.456 1.480 53.367 0.272 901.057
-31.863 0.794 62.265 0.702 53.530 0.238 954.691
-31.122 1.343 64.391 0.884 53.712 0.273 1027.947
-30.342 0.901 66.322 0.791 53.981 0.294 1106.343
-29.660 1.278 68.233 0.856 54.318 0.272 1198.121
-28.967 1.001 70.368 1.001 54.804 0.280 1322.412
-28.242 1.074 72.211 1.461 55.289 0.289 1454.246
-27.759 0.976 74.168 0.901 55.819 0.306 1628.554
-27.312 0.947 76.033 0.917 56.439 0.292 1840.755
-26.600 0.943 77.749 1.084 57.005 0.340 2093.840
-26.143 1.078 79.584 1.162 57.812 0.352 2457.488
---
-59.124 1.360 24.087 0.845 65.741 0.357 486.675
-56.947 1.469 25.292 0.958 64.623 0.450 491.403
-54.666 1.006 26.222 0.699 63.360 0.370 495.271
-52.810 1.172 27.556 0.635 62.244 0.381 501.151
-50.989 1.027 29.073 0.572 61.215 0.375 508.352
-49.291 1.237 30.199 0.612 60.206 0.345 514.069
-47.460 1.241 31.734 0.581 59.270 0.377 522.399
-46.011 1.243 33.235 0.634 58.357 0.376 531.185
-44.502 1.040 34.823 0.826 57.501 0.317 541.219
-43.200 1.160 36.359 0.759 56.770 0.347 551.706
-41.856 1.073 38.206 0.813 56.025 0.294 565.420
-40.442 1.057 39.924 0.662 55.331 0.317 579.347
-39.058 1.026 41.742 0.761 54.728 0.295 595.454
-37.933 0.943 43.649 0.675 54.156 0.291 614.024
-36.750 1.084 45.485 0.776 53.663 0.286 633.726
-35.817 1.016 47.399 0.798 53.311 0.276 656.382
-34.866 1.088 49.431 0.713 53.000 0.265 683.156
-33.898 1.257 51.553 0.970 52.740 0.253 714.555
-32.939 0.887 53.439 0.762 52.558 0.255 745.880
-32.116 0.891 55.524 0.913 52.451 0.245 784.896
-31.223 0.737 57.652 0.702 52.441 0.259 830.376
-30.387 1.047 59.739 0.821 52.453 0.248 881.661
-29.744 0.782 61.849 0.792 52.629 0.243 941.724
-28.841 1.378 63.820 0.996 52.752 0.266 1007.043
-28.365 1.118 65.942 1.037 53.141 0.255 1089.861
-27.649 0.916 67.982 0.937 53.443 0.270 1185.122
-27.079 0.842 69.877 0.797 53.882 0.292 1291.404
-26.195 1.466 72.050 1.191 54.335 0.278 1441.650
-25.830 0.944 73.950 0.832 54.870 0.300 1607.017
-25.228 1.075 75.797 1.514 55.586 0.344 1810.773
-24.656 1.841 77.969 1.482 56.290 0.334 2131.549
-24.098 1.243 79.642 1.390 57.010 0.281 2471.094
---
-56.627 1.822 22.691 0.612 65.048 0.378 481.575
-54.280 1.627 23.950 0.597 63.809 0.369 486.157
-52.421 1.260 25.070 0.675 62.696 0.355 490.512
-50.136 1.228 26.361 0.594 61.531 0.378 495.864
-48.604 1.251 27.730 0.720 60.508 0.323 501.948
-46.480 1.170 28.894 0.668 59.493 0.351 507.473
-44.659 0.971 30.551 0.708 58.466 0.320 515.923
-43.518 1.035 32.051 0.731 57.653 0.277 524.203
-41.804 1.203 33.715 0.598 56.702 0.335 534.135
-40.356 0.931 35.352 0.743 55.933 0.291 544.746
-38.938 1.005 37.104 0.712 55.170 0.308 557.084
-37.696 1.044 38.935 0.727 54.514 0.262 571.182
-36.509 1.641 40.811 0.819 53.905 0.306 587.020
-35.475 0.943 42.613 0.745 53.363 0.250 603.716
-34.415 1.014 44.565 0.731 52.862 0.263 623.620
-33.511 1.149 46.666 0.708 52.488 0.279 647.438
-32.497 0.871 48.726 0.731 52.181 0.235 673.525
-31.530 1.054 50.755 0.894 51.894 0.261 702.297
-30.613 1.039 52.745 0.823 51.717 0.240 733.940
-29.853 0.912 54.857 0.793 51.624 0.233 771.869
-29.031 1.045 56.970 0.888 51.607 0.256 815.118
-28.085 1.380 59.223 1.664 51.611 0.226 868.296
-27.499 0.873 61.132 0.840 51.744 0.246 920.282
-26.871 0.815 63.368 0.792 51.995 0.237 991.164
-26.246 0.888 65.571 0.757 52.253 0.258 1074.299
-25.674 1.457 67.885 2.205 52.598 0.254 1180.197
-24.970 0.908 69.578 1.024 53.051 0.295 1273.331
-24.643 2.464 71.696 1.655 53.570 0.281 1414.726
-23.802 1.085 73.721 1.220 54.049 0.282 1584.970
-23.267 0.872 75.571 0.933 54.759 0.300 1783.019
-22.987 0.914 77.412 1.011 55.512 0.326 2038.574
-22.062 0.968 79.570 1.176 56.251 0.319 2454.132
---
-54.161 1.466 21.331 0.768 64.444 0.338 476.976
-51.741 1.372 22.527 0.632 63.212 0.380 481.000
-49.774 2.093 23.731 0.820 62.070 0.358 485.337
-47.262 1.627 25.086 0.797 60.879 0.354 490.576
-45.167 1.473 26.466 0.701 59.722 0.331 496.316
-43.902 1.545 27.964 0.646 58.839 0.376 503.031
-42.135 1.715 29.336 0.759 57.853 0.359 509.659
-40.405 1.179 30.962 0.645 56.876 0.302 518.130
-38.960 1.621 32.604 0.883 56.032 0.291 527.410
-37.618 1.129 34.424 0.670 55.195 0.303 538.629
-36.278 1.457 36.032 0.889 54.438 0.296 549.406
-35.188 1.030 37.851 0.734 53.785 0.258 562.686
-33.808 1.086 39.677 0.821 53.111 0.260 577.272
-32.767 1.149 41.773 0.866 52.590 0.247 595.744
-31.594 0.939 43.688 0.734 52.064 0.262 614.433
-30.897 1.012 45.709 0.829 51.739 0.221 636.257
-29.955 0.890 47.918 0.824 51.365 0.235 662.948
-28.953 1.007 49.913 0.904 51.129 0.236 689.956
-28.327 0.954 52.196 0.843 50.962 0.211 724.836
-27.395 0.946 54.404 0.795 50.867 0.211 763.306
-26.677 0.940 56.595 0.866 50.805 0.215 807.003
-25.738 1.655 58.666 1.239 50.866 0.212 854.377
-25.122 1.007 60.897 0.837 50.984 0.219 913.486
-24.616 0.867 63.049 0.866 51.222 0.229 980.287
-23.994 0.945 65.158 0.957 51.475 0.232 1057.575
-23.348 0.924 67.117 1.004 51.851 0.244 1142.606
-22.678 0.944 69.217 0.764 52.251 0.256 1252.171
-22.324 0.838 71.406 0.830 52.812 0.267 1393.367
-21.556 0.969 73.381 1.209 53.371 0.275 1553.466
-21.253 0.908 75.250 1.006 54.008 0.277 1745.104
-20.573 1.040 77.288 0.938 54.727 0.273 2019.119
-20.401 1.090 79.157 1.105 55.497 0.294 2361.877
---
-50.908 1.414 20.044 0.579 63.866 0.379 472.945
-48.507 2.160 21.289 0.744 62.589 0.363 476.838
-46.455 1.857 22.517 0.617 61.512 0.369 480.967
-44.366 1.379 23.680 0.715 60.323 0.346 485.149
-42.530 1.383 25.203 0.681 59.237 0.364 491.045
-40.694 1.675 26.756 0.959 58.155 0.338 497.575
-39.037 1.252 28.061 0.740 57.245 0.315 503.487
-37.408 1.242 29.788 0.761 56.255 0.325 511.943
-36.240 1.275 31.706 0.754 55.401 0.290 522.244
-34.392 1.181 33.251 0.690 54.516 0.258 531.282
-33.407 1.119 35.031 0.734 53.846 0.259 542.595
-32.137 1.005 36.943 0.674 53.098 0.265 555.909
-31.191 1.409 39.048 0.815 52.485 0.261 572.094
-29.878 1.353 40.817 0.882 51.889 0.232 587.076
-29.101 1.094 43.020 0.772 51.422 0.225 607.706
-28.230 1.049 44.940 0.828 51.036 0.215 627.674
-27.210 1.060 47.168 0.773 50.665 0.209 653.521
-26.285 1.020 49.404 0.821 50.409 0.190 682.778
-25.550 1.036 51.358 0.846 50.200 0.214 711.502
-24.879 0.961 53.776 0.851 50.116 0.205 751.846
-24.111 0.936 56.103 0.904 50.091 0.198 796.666
-23.438 1.015 58.085 0.842 50.144 0.196 840.427
-22.901 0.865 60.444 0.844 50.292 0.192 900.706
-22.355 1.190 62.475 1.261 50.506 0.230 961.394
-21.868 1.040 64.819 0.964 50.796 0.218 1044.244
-21.216 0.857 66.918 0.719 51.146 0.222 1133.272
-20.632 0.810 69.035 0.973 51.609 0.243 1241.752
-20.186 1.010 71.221 1.218 52.116 0.229 1380.188
-19.965 1.795 73.212 1.157 52.733 0.267 1538.310
-19.245 1.045 75.104 0.778 53.328 0.234 1728.399
-19.080 1.110 77.087 1.066 54.085 0.296 1988.172
-18.355 1.099 78.912 0.981 54.802 0.288 2310.324
---
-47.595 1.571 18.772 0.491 63.392 0.377 469.262
-44.916 1.433 20.028 0.608 62.104 0.390 472.899
-42.861 1.675 21.206 0.673 61.017 0.323 476.569
-40.610 1.529 22.574 0.635 59.784 0.369 481.166
-38.869 2.051 24.280 0.878 58.666 0.366 487.413
-37.233 1.301 25.507 0.651 57.734 0.300 492.282
-35.598 1.397 27.221 0.673 56.634 0.344 499.636
-33.958 1.746 28.759 0.731 55.698 0.316 506.817
-32.058 2.616 30.378 1.183 54.766 0.279 515.007
-31.418 1.307 32.214 0.747 53.994 0.294 525.137
-30.188 1.226 34.175 0.776 53.210 0.266 537.034
-28.935 1.273 35.953 0.682 52.493 0.264 548.856
-28.002 1.327 38.071 0.778 51.859 0.247 564.372
-27.118 1.409 39.974 0.899 51.311 0.223 579.772
-26.110 1.170 42.213 0.750 50.825 0.214 599.881
-25.066 1.072 44.354 0.768 50.368 0.217 621.367
-24.326 1.032 46.499 0.771 50.029 0.189 645.439
-23.605 1.046 48.870 0.813 49.769 0.194 675.470
-22.860 0.997 50.865 0.840 49.577 0.183 703.955
-22.317 0.983 53.158 0.812 49.480 0.176 740.986
-21.753 1.026 55.514 0.773 49.472 0.183 784.690
-21.064 0.883 57.831 0.898 49.536 0.173 834.500
-20.460 0.976 60.029 0.717 49.655 0.167 889.384
-19.951 0.921 62.116 0.795 49.857 0.189 950.004
-19.480 0.866 64.380 0.832 50.183 0.208 1027.516
-18.717 0.962 66.731 0.824 50.544 0.209 1124.658
-18.218 1.110 68.766 0.978 50.950 0.246 1226.722
-17.911 0.914 70.770 0.931 51.452 0.223 1348.949
-17.640 0.940 72.946 0.951 52.084 0.244 1514.938
-17.223 1.339 75.125 1.242 52.792 0.234 1730.729
-16.879 1.001 77.129 1.441 53.526 0.276 1994.546
-16.375 1.268 79.132 1.146 54.305 0.307 2356.466
---
-43.413 1.715 17.558 0.612 62.903 0.325 466.011
-40.836 2.154 18.907 0.747 61.641 0.350 469.638
-38.893 1.756 20.139 0.571 60.466 0.395 473.232
-36.687 2.282 21.461 0.670 59.315 0.329 477.401
-34.954 1.639 22.915 0.585 58.205 0.287 482.365
-33.280 1.539 24.475 0.604 57.208 0.333 488.167
-31.930 1.485 26.081 0.736 56.168 0.334 494.669
-30.331 1.498 27.890 0.652 55.162 0.293 502.689
-29.211 1.329 29.705 0.728 54.295 0.277 511.517
-27.891 1.404 31.462 0.690 53.458 0.283 520.874
-26.660 1.239 33.427 0.729 52.645 0.240 532.360
-25.573 1.328 35.256 0.640 51.960 0.275 544.095
-24.666 1.203 37.322 0.742 51.320 0.234 558.701
-23.771 1.520 39.380 0.753 50.761 0.221 574.804
-22.923 1.102 41.451 0.848 50.237 0.203 592.777
-22.149 1.932 43.683 0.854 49.838 0.193 614.376
-21.584 1.089 45.933 0.922 49.479 0.178 638.822
-20.910 1.260 48.170 0.778 49.228 0.164 666.190
-20.105 1.043 50.343 0.898 49.025 0.163 696.191
-19.710 1.216 52.642 0.915 48.936 0.158 732.202
-18.961 1.063 54.970 0.829 48.887 0.153 774.032
-18.248 0.993 57.334 0.803 48.932 0.153 823.162
-17.833 1.022 59.629 0.762 49.073 0.155 878.756
-17.384 1.033 61.924 0.894 49.305 0.172 944.036
-16.949 0.967 64.039 0.862 49.600 0.180 1014.933
-16.475 1.306 66.373 1.040 50.011 0.186 1108.581
-15.989 1.055 68.375 0.854 50.405 0.201 1205.619
-15.625 1.227 70.688 1.188 50.940 0.215 1343.434
-15.391 1.000 72.808 1.418 51.576 0.223 1503.144
-14.589 1.325 74.962 1.252 52.191 0.223 1712.425
-14.580 1.559 76.886 1.256 52.938 0.259 1958.252
-14.313 1.036 78.879 1.180 53.740 0.304 2303.515
---
-38.604 2.537 16.368 0.649 62.559 0.387 463.067
-35.994 1.928 17.727 0.531 61.268 0.377 466.448
-33.922 1.873 19.101 0.586 60.030 0.335 470.188
-32.477 1.990 20.439 0.505 58.940 0.353 474.150
-30.402 1.665 21.892 0.710 57.817 0.306 478.828
-28.932 1.634 23.414 0.690 56.773 0.304 484.169
-27.581 1.776 25.275 0.772 55.683 0.296 491.337
-26.134 1.678 26.953 0.757 54.691 0.286 498.439
-25.069 1.370 28.741 0.713 53.860 0.261 506.725
-23.930 1.276 30.545 0.725 52.999 0.233 515.888
-22.786 1.353 32.562 0.683 52.189 0.222 527.163
-21.984 1.344 34.572 0.723 51.452 0.216 539.586
-21.134 1.270 36.574 0.785 50.855 0.199 553.238
-20.379 1.218 38.699 0.879 50.275 0.217 569.294
-19.878 1.241 40.841 0.844 49.800 0.195 587.293
-19.014 1.077 43.077 0.762 49.341 0.163 608.262
-18.535 1.028 45.309 0.840 49.012 0.147 631.747
-17.810 1.030 47.752 0.802 48.720 0.129 660.819
-17.141 1.106 50.061 1.039 48.511 0.139 692.084
-16.666 1.048 52.181 0.799 48.402 0.131 724.600
-16.081 0.981 54.514 0.832 48.374 0.130 765.373
-15.763 0.984 56.885 0.852 48.452 0.128 813.255
-15.265 1.008 59.206 0.848 48.578 0.140 867.846
-14.856 0.925 61.382 0.932 48.792 0.162 927.609
-14.403 1.243 63.925 2.256 49.111 0.169 1010.820
-13.962 0.940 66.158 0.762 49.504 0.174 1099.172
-13.795 1.031 68.409 0.942 49.955 0.198 1207.408
-13.348 1.214 70.367 0.814 50.464 0.206 1322.340
-13.166 1.003 72.581 0.890 51.092 0.212 1484.180
-12.666 0.943 74.703 0.898 51.779 0.243 1684.058
-12.565 1.005 76.667 0.949 52.494 0.229 1926.579
-12.112 0.897 78.847 1.297 53.360 0.249 2296.923
---
-32.886 2.957 15.544 1.444 62.178 0.406 461.168
-30.937 1.836 16.627 0.477 60.961 0.352 463.687
-28.930 2.075 17.973 0.633 59.748 0.338 467.094
-27.297 2.039 19.652 0.641 58.558 0.321 471.779
-25.594 2.099 20.982 0.660 57.452 0.323 475.853
-24.365 1.517 22.738 0.669 56.348 0.308 481.738
-23.081 1.734 24.354 0.619 55.385 0.308 487.699
-22.151 1.616 26.244 0.713 54.389 0.273 495.364
-20.680 1.603 28.006 0.618 53.472 0.292 503.228
-20.473 1.284 29.885 0.789 52.673 0.248 512.440
-19.106 1.416 31.891 0.660 51.842 0.228 523.288
-18.618 1.505 33.883 0.725 51.122 0.212 535.188
-17.778 1.257 35.974 0.753 50.485 0.205 549.002
-17.121 1.305 38.117 0.776 49.885 0.191 564.724
-16.339 1.118 40.446 0.793 49.346 0.163 583.828
-16.077 1.324 42.481 0.878 48.963 0.166 602.440
-15.006 1.453 44.866 0.749 48.574 0.130 626.870
-14.674 1.081 47.372 1.575 48.303 0.114 656.044
-14.146 1.123 49.486 0.829 48.112 0.127 683.929
-13.716 1.449 51.860 0.835 48.001 0.108 719.410
-13.230 0.913 54.069 0.780 47.962 0.106 757.142
-12.940 1.012 56.512 0.905 48.029 0.112 805.248
-12.528 1.018 59.028 0.962 48.175 0.130 863.352
-12.242 0.982 61.204 1.402 48.402 0.138 922.384
-11.851 0.973 63.576 0.852 48.704 0.147 998.419
-11.531 0.892 65.930 0.892 49.071 0.163 1089.385
-11.203 1.085 68.085 1.025 49.525 0.188 1190.433
-11.091 1.876 70.555 1.394 50.104 0.184 1334.614
-10.702 0.983 72.600 1.026 50.726 0.199 1485.744
-10.390 1.044 74.839 1.030 51.449 0.238 1698.888
-10.323 1.330 76.762 1.172 52.136 0.233 1940.145
-10.106 1.018 78.495 1.050 52.904 0.254 2227.567
---
-26.552 3.047 14.519 0.666 61.972 0.391 458.958
-24.864 2.302 15.792 0.784 60.744 0.346 461.727
-23.251 2.170 17.266 0.565 59.511 0.337 465.267
-21.680 1.815 18.839 0.613 58.263 0.346 469.448
-20.475 1.693 20.321 0.718 57.154 0.344 473.788
-19.354 1.736 22.049 0.564 56.075 0.295 479.360
-18.405 1.685 23.770 0.584 55.037 0.294 485.482
-17.371 1.565 25.460 0.637 54.100 0.300 492.089
-16.527 1.636 27.412 0.603 53.167 0.275 500.494
-16.087 2.800 29.441 1.219 52.350 0.239 510.183
-15.241 1.522 31.302 0.791 51.527 0.244 519.991
-14.629 1.265 33.252 0.704 50.832 0.215 531.292
-13.727 1.502 35.507 0.715 50.124 0.200 545.794
-13.258 1.345 37.614 0.730 49.546 0.178 560.884
-12.928 1.024 39.965 0.708 49.026 0.153 579.700
-12.245 1.283 42.208 0.825 48.582 0.142 599.832
-12.095 1.132 44.481 0.848 48.255 0.115 622.716
-11.464 1.153 46.704 0.834 47.983 0.112 647.884
-11.039 1.094 49.045 0.765 47.778 0.090 677.843
-10.833 0.922 51.581 0.842 47.667 0.080 714.996
-10.410 1.018 54.034 0.828 47.641 0.083 756.505
-10.238 1.270 56.332 0.907 47.704 0.086 801.436
-9.927 1.102 58.674 0.867 47.845 0.097 854.579
-9.617 1.023 61.003 0.910 48.062 0.115 916.528
-9.342 0.978 63.485 0.941 48.388 0.138 995.222
-9.271 1.186 65.793 1.428 48.749 0.145 1083.575
-8.943 0.949 67.882 0.789 49.214 0.166 1180.040
-8.588 1.215 70.244 0.926 49.787 0.185 1314.469
-8.421 0.995 72.391 0.929 50.414 0.217 1468.684
-8.288 1.160 74.513 0.873 51.100 0.223 1663.948
-7.916 0.931 76.399 1.039 51.774 0.253 1889.344
-7.934 1.286 78.665 1.119 52.634 0.251 2260.482
---
-20.232 2.363 13.734 0.649 61.794 0.357 457.376
-19.034 2.506 15.274 0.653 60.492 0.360 460.568
-17.037 2.482 16.659 0.560 59.281 0.334 463.765
-16.129 2.089 18.168 0.652 58.104 0.346 467.612
-14.772 2.042 19.718 0.540 57.015 0.343 471.974
-14.136 1.588 21.497 0.648 55.888 0.328 477.517
-13.136 1.882 23.163 0.630 54.862 0.310 483.257
-12.594 1.695 24.971 0.637 53.901 0.281 490.115
-11.887 1.388 26.816 0.676 52.973 0.264 497.837
-11.399 1.464 28.874 0.785 52.059 0.235 507.377
-10.902 1.561 30.996 0.801 51.270 0.216 518.314
-10.484 1.428 32.908 0.811 50.562 0.208 529.214
-10.271 1.347 34.889 0.701 49.951 0.182 541.653
-9.730 1.370 37.251 0.780 49.308 0.186 558.173
-9.062 1.277 39.565 0.780 48.780 0.155 576.335
-8.877 1.782 41.912 0.818 48.358 0.126 597.043
-8.462 1.188 44.280 0.853 47.985 0.114 620.581
-8.289 1.159 46.600 0.839 47.724 0.089 646.648
-8.144 1.148 48.943 0.701 47.533 0.079 676.455
-7.565 1.520 51.334 1.099 47.416 0.068 711.126
-7.623 0.988 53.689 0.864 47.395 0.060 750.292
-7.419 1.112 55.984 0.790 47.457 0.068 794.206
-7.013 1.149 58.625 0.919 47.596 0.085 853.375
-6.954 0.954 60.909 0.879 47.829 0.100 913.821
-6.697 1.012 63.306 0.981 48.123 0.115 989.020
-6.418 1.004 65.372 0.908 48.485 0.130 1066.187
-6.390 0.998 67.940 0.882 48.983 0.155 1182.985
-6.347 1.053 70.067 1.082 49.521 0.175 1303.237
-5.992 1.868 72.443 0.950 50.163 0.183 1472.907
-6.065 1.237 74.484 1.267 50.828 0.231 1660.890
-5.732 1.018 76.516 1.057 51.602 0.228 1905.460
-5.486 1.768 78.481 1.059 52.390 0.251 2224.917
---
-12.215 3.037 13.240 0.530 61.598 0.364 456.433
-11.208 2.360 14.769 0.860 60.396 0.357 459.481
-10.970 2.126 16.248 0.559 59.141 0.338 462.785
-9.911 2.110 17.775 0.513 57.965 0.307 466.573
-9.477 1.780 19.422 0.590 56.822 0.354 471.109
-8.283 2.037 21.080 0.657 55.722 0.305 476.164
-8.361 2.326 22.678 0.622 54.744 0.280 481.529
-7.711 1.565 24.754 0.594 53.711 0.278 489.257
-7.046 1.556 26.719 0.686 52.739 0.258 497.414
-6.779 1.763 28.545 0.720 51.934 0.251 505.780
-6.330 1.468 30.561 0.715 51.107 0.230 515.976
-6.248 1.597 32.659 0.837 50.403 0.207 527.735
-6.177 1.490 34.710 0.762 49.782 0.192 540.483
-5.976 1.318 37.073 0.772 49.138 0.155 556.856
-5.708 1.759 39.278 0.855 48.642 0.150 573.970
-5.537 1.251 41.654 0.791 48.185 0.126 594.643
-5.168 1.226 43.903 0.856 47.841 0.102 616.641
-4.940 1.278 46.227 1.226 47.561 0.079 642.240
-4.719 1.099 48.805 0.741 47.356 0.054 674.588
-4.645 1.034 51.023 0.907 47.250 0.041 706.344
-4.381 1.236 53.445 0.940 47.218 0.038 745.972
-4.384 0.989 55.917 0.935 47.283 0.046 792.826
-4.203 1.020 58.465 0.832 47.426 0.065 849.483
-4.023 1.621 60.700 1.834 47.639 0.080 907.887
-3.943 1.178 63.260 1.170 47.960 0.111 987.447
-3.880 1.046 65.530 0.952 48.347 0.127 1072.619
-3.769 1.059 67.604 0.775 48.791 0.151 1166.106
-3.830 0.950 70.039 0.849 49.379 0.173 1301.492
-3.831 1.116 72.226 1.030 49.968 0.187 1455.483
-3.333 1.076 74.268 0.927 50.644 0.198 1638.612
-3.269 2.252 76.526 1.451 51.456 0.230 1906.898
-3.413 1.185 78.642 1.512 52.221 0.214 2255.995
---
-4.205 2.669 12.958 0.566 61.656 0.373 455.911
-3.723 2.775 14.448 0.544 60.321 0.365 458.810
-4.196 2.273 16.018 0.521 59.082 0.346 462.247
-3.038 1.994 17.613 0.533 57.826 0.306 466.153
-2.436 2.442 19.165 0.757 56.743 0.328 470.368
-2.855 1.655 20.897 0.618 55.633 0.304 475.583
-2.901 1.811 22.617 0.620 54.653 0.282 481.314
-2.183 2.044 24.517 0.928 53.619 0.273 488.328
-2.678 1.672 26.330 0.637 52.747 0.251 495.730
-2.355 1.482 28.414 0.664 51.855 0.245 505.153
-1.878 1.733 30.279 0.679 51.109 0.216 514.486
-2.263 1.803 32.614 0.787 50.317 0.197 527.470
-1.889 1.290 34.869 0.776 49.631 0.191 541.522
-1.754 1.308 36.898 0.703 49.053 0.156 555.580
-1.722 1.326 39.038 0.904 48.569 0.134 572.016
-1.775 1.207 41.591 0.706 48.095 0.109 594.061
-1.679 1.256 43.863 0.805 47.755 0.091 616.232
-1.710 1.089 46.230 0.811 47.477 0.071 642.270
-1.425 0.996 48.646 0.807 47.273 0.043 672.454
-1.619 1.181 51.056 0.932 47.167 0.025 706.853
-1.505 1.029 53.489 0.867 47.140 0.014 746.748
-1.416 1.005 56.033 0.882 47.200 0.032 795.213
-1.503 1.058 58.406 1.092 47.342 0.054 848.080
-1.378 1.111 60.840 0.964 47.576 0.081 911.851
-1.364 1.268 63.056 1.335 47.876 0.101 980.533
-1.415 0.961 65.448 0.872 48.285 0.119 1069.271
-1.376 1.194 67.814 1.070 48.741 0.151 1176.618
-1.165 0.975 70.077 0.969 49.300 0.172 1303.840
-1.111 0.913 72.130 0.930 49.872 0.189 1447.938
-1.393 1.035 74.247 0.961 50.598 0.222 1636.537
-1.169 1.030 76.471 1.136 51.372 0.224 1899.198
-1.227 1.092 78.381 1.259 52.145 0.234 2206.046
---
3.960 2.958 12.893 0.521 61.628 0.383 455.790
3.981 2.291 14.492 0.550 60.293 0.360 458.900
3.509 2.523 15.984 0.563 59.076 0.317 462.167
2.845 2.297 17.529 0.606 57.932 0.328 465.937
2.801 2.254 19.042 0.593 56.796 0.348 470.021
2.948 1.826 20.824 0.627 55.678 0.318 475.353
2.864 1.969 22.681 0.601 54.621 0.291 481.538
2.454 1.738 24.508 0.674 53.628 0.265 488.295
2.921 1.542 26.387 0.587 52.744 0.245 495.974
2.466 1.560 28.374 0.593 51.855 0.221 504.964
2.158 1.739 30.407 1.117 51.068 0.214 515.160
2.279 1.630 32.590 0.807 50.289 0.212 527.331
2.052 1.234 34.502 0.835 49.694 0.178 539.129
2.109 1.403 36.945 0.791 49.073 0.157 555.922
1.948 1.220 39.213 0.871 48.559 0.146 573.436
1.715 1.372 41.411 0.839 48.123 0.114 592.409
1.905 1.246 43.753 0.854 47.760 0.091 615.093
1.728 1.474 46.097 0.830 47.480 0.076 640.722
1.617 1.184 48.594 0.815 47.279 0.046 671.761
1.663 1.039 50.950 0.742 47.169 0.024 705.244
1.348 1.125 53.435 0.847 47.137 0.014 745.799
1.483 0.927 55.865 0.840 47.195 0.031 791.768
1.282 1.199 58.379 0.899 47.345 0.054 847.420
1.452 0.965 60.622 0.793 47.564 0.079 905.684
1.285 1.054 63.146 0.918 47.883 0.106 983.581
1.388 0.925 65.624 1.001 48.277 0.124 1076.525
1.206 0.943 67.724 0.864 48.729 0.144 1172.088
1.280 1.010 69.907 0.937 49.279 0.162 1293.273
1.205 1.154 72.356 0.931 49.907 0.188 1465.843
1.110 1.133 74.322 0.979 50.591 0.208 1644.148
1.218 0.990 76.576 1.133 51.351 0.213 1913.821
1.237 1.272 78.538 0.996 52.204 0.241 2235.831
---
12.594 2.789 13.338 0.523 61.601 0.370 456.617
10.980 2.388 14.698 0.543 60.407 0.336 459.331
10.242 2.930 16.124 0.695 59.179 0.347 462.493
10.053 1.779 17.733 0.557 58.023 0.319 466.463
9.344 1.906 19.385 0.595 56.875 0.297 471.001
8.364 2.034 21.095 0.616 55.755 0.330 476.215
7.747 1.719 22.806 0.632 54.714 0.300 481.980
7.739 1.674 24.654 0.655 53.738 0.275 488.864
7.244 1.686 26.662 1.093 52.812 0.265 497.162
7.128 1.626 28.517 0.651 51.945 0.210 505.647
6.519 1.516 30.521 0.754 51.159 0.249 515.763
6.299 1.373 32.622 0.793 50.412 0.211 527.519
6.119 1.657 34.906 0.763 49.718 0.183 541.768
5.787 1.354 37.048 0.756 49.148 0.166 556.677
5.749 1.280 39.253 0.846 48.649 0.145 573.766
5.326 1.242 41.553 0.743 48.202 0.122 593.716
5.051 1.228 43.927 0.797 47.835 0.094 616.888
5.155 1.025 46.383 0.902 47.556 0.081 644.072
4.704 1.176 48.776 0.959 47.354 0.055 674.204
4.902 1.231 51.211 0.749 47.259 0.042 709.230
4.731 1.109 53.508 0.790 47.229 0.036 747.086
4.299 1.037 55.978 0.836 47.282 0.045 794.083
4.392 1.058 58.433 0.839 47.428 0.061 848.710
4.170 1.085 60.722 0.829 47.648 0.083 908.499
4.079 1.036 63.225 1.101 47.961 0.107 986.266
3.985 0.982 65.517 0.824 48.350 0.127 1072.080
3.806 0.998 67.756 0.822 48.813 0.135 1173.660
3.742 0.901 70.077 0.878 49.389 0.175 1303.873
3.846 1.110 72.206 1.071 49.972 0.187 1453.848
3.525 0.985 74.441 0.927 50.706 0.207 1656.361
3.309 1.118 76.646 1.114 51.440 0.233 1923.674
3.431 1.180 78.369 1.230 52.234 0.249 2203.778
---
20.245 2.656 13.708 0.518 61.820 0.421 457.326
18.381 2.534 15.124 0.642 60.446 0.362 460.241
17.485 2.010 16.705 0.531 59.290 0.357 463.878
16.498 2.336 18.135 0.633 58.115 0.355 467.524
14.687 2.189 19.654 0.709 57.042 0.319 471.787
13.579 2.156 21.473 0.603 55.903 0.307 477.439
13.392 1.758 23.117 0.661 54.903 0.313 483.089
12.885 1.757 24.955 0.688 53.899 0.292 490.053
12.082 1.959 26.889 0.631 52.956 0.243 498.159
11.705 1.767 28.932 1.072 52.091 0.275 507.660
10.974 1.453 30.950 0.822 51.265 0.233 518.061
10.446 1.336 32.980 0.746 50.558 0.213 529.648
9.889 1.198 34.978 0.788 49.921 0.194 542.244
9.496 1.334 37.292 0.746 49.290 0.179 558.476
9.241 1.290 39.553 0.788 48.787 0.137 576.236
9.010 1.265 41.803 0.881 48.366 0.125 596.021
8.503 1.107 44.182 0.882 47.986 0.104 619.548
8.128 1.185 46.379 0.962 47.723 0.096 644.025
7.936 1.566 48.936 1.273 47.532 0.084 676.361
7.842 1.391 51.234 0.931 47.431 0.066 709.589
7.477 0.940 53.620 0.786 47.387 0.059 749.060
7.392 0.983 56.222 0.898 47.463 0.070 799.132
7.172 0.938 58.600 0.926 47.609 0.085 852.776
6.721 1.856 60.709 2.018 47.828 0.100 908.143
6.597 0.949 63.142 0.977 48.123 0.114 983.434
6.399 1.004 65.696 0.925 48.522 0.124 1079.493
6.487 0.947 67.802 0.854 48.977 0.162 1175.995
6.212 1.040 70.090 0.782 49.540 0.178 1304.650
5.499 4.411 72.453 1.782 50.135 0.200 1473.714
5.825 1.031 74.187 0.994 50.784 0.222 1630.436
5.527 1.364 76.531 1.114 51.579 0.214 1907.585
5.614 1.010 78.577 1.078 52.428 0.226 2243.340
---
27.118 2.666 14.356 0.575 61.996 0.396 458.620
24.430 1.888 15.746 0.532 60.721 0.323 461.623
23.434 2.094 17.321 0.664 59.474 0.331 465.406
22.163 1.952 18.780 0.520 58.322 0.339 469.284
20.270 1.853 20.288 0.619 57.206 0.350 473.686
19.417 1.760 22.006 0.679 56.070 0.308 479.215
18.982 1.589 23.604 0.565 55.161 0.253 484.865
17.820 1.721 25.391 0.796 54.188 0.305 491.808
16.696 1.662 27.239 0.653 53.213 0.254 499.718
15.858 1.366 29.308 0.705 52.316 0.255 509.520
14.999 1.602 31.341 0.690 51.505 0.224 520.203
14.426 1.629 33.420 0.924 50.793 0.200 532.314
13.758 1.361 35.404 0.746 50.148 0.199 545.095
13.457 1.685 37.636 0.936 49.558 0.183 561.055
12.926 1.195 39.826 0.743 49.044 0.151 578.525
12.450 1.145 42.055 0.743 48.621 0.134 598.385
11.891 1.015 44.431 0.760 48.248 0.118 622.185
11.632 1.006 46.757 0.835 47.985 0.100 648.525
11.183 1.158 49.099 0.822 47.794 0.102 678.572
10.798 1.090 51.517 0.816 47.667 0.092 713.981
10.457 1.050 53.936 1.100 47.644 0.084 754.731
10.111 0.988 56.206 0.830 47.705 0.087 798.795
9.977 0.990 58.726 0.815 47.850 0.101 855.854
9.420 1.072 61.079 1.031 48.054 0.112 918.729
9.309 0.940 63.456 0.958 48.388 0.141 994.199
8.966 0.934 65.714 0.829 48.762 0.140 1080.236
8.717 0.953 67.986 0.928 49.228 0.175 1185.306
8.659 1.000 70.211 0.955 49.772 0.187 1312.326
8.309 1.097 72.395 1.134 50.362 0.196 1469.006
8.088 0.928 74.486 1.003 51.071 0.233 1661.093
7.852 1.111 76.713 1.027 51.831 0.226 1933.204
7.490 1.008 78.481 1.052 52.605 0.263 2224.890
---
32.996 2.164 15.377 0.637 62.185 0.369 460.795
30.687 2.448 16.519 0.577 61.014 0.366 463.429
28.729 1.874 17.993 0.515 59.727 0.367 467.147
27.051 1.994 19.532 0.616 58.592 0.340 471.428
25.660 1.752 21.071 0.589 57.441 0.366 476.137
24.674 1.666 22.746 0.579 56.404 0.314 481.770
23.144 1.573 24.403 0.618 55.356 0.320 487.885
22.311 2.605 26.154 0.784 54.376 0.285 494.982
20.832 1.477 28.010 0.730 53.459 0.271 503.248
20.252 1.974 29.962 0.742 52.627 0.251 512.835
19.001 1.508 31.920 0.802 51.804 0.240 523.453
18.229 1.437 33.950 1.441 51.099 0.219 535.606
17.680 1.229 36.024 0.738 50.458 0.204 549.355
16.838 1.395 38.019 0.815 49.883 0.180 563.969
16.465 1.136 40.289 0.861 49.369 0.184 582.466
15.912 1.071 42.608 0.747 48.949 0.152 603.667
15.248 1.098 44.737 0.792 48.599 0.131 625.475
14.756 1.289 47.053 0.782 48.317 0.131 652.119
14.220 0.986 49.415 0.818 48.114 0.108 682.928
13.874 1.897 51.941 0.930 48.006 0.099 720.713
13.545 1.114 54.150 0.922 47.991 0.112 758.618
12.952 0.992 56.659 0.846 48.037 0.114 808.366
12.630 1.122 58.854 0.820 48.169 0.113 859.007
12.294 0.946 61.216 1.129 48.396 0.134 922.733
11.855 0.959 63.569 0.860 48.733 0.147 998.142
11.504 0.974 65.867 1.042 49.060 0.165 1086.711
11.192 0.940 68.254 0.920 49.539 0.157 1199.198
10.974 0.954 70.283 0.894 50.064 0.172 1316.937
10.697 1.043 72.343 1.004 50.684 0.212 1464.830
10.409 1.015 74.476 1.193 51.347 0.247 1660.068
10.254 1.318 76.915 1.116 52.154 0.255 1962.524
9.971 1.550 78.580 1.307 52.895 0.237 2244.016
---
38.451 1.741 16.237 0.530 62.603 0.370 462.758
35.973 1.770 17.626 0.603 61.295 0.380 466.187
34.161 1.688 19.001 0.674 60.100 0.321 469.905
32.443 1.712 20.505 0.661 58.917 0.355 474.354
30.623 1.688 21.958 0.831 57.766 0.343 479.052
28.819 1.566 23.406 0.573 56.748 0.294 484.138
27.685 1.552 25.194 0.647 55.722 0.317 491.010
26.182 1.673 26.847 0.770 54.722 0.318 497.976
25.161 1.434 28.864 0.932 53.821 0.275 507.324
23.965 1.603 30.646 0.669 52.958 0.297 516.428
22.865 1.769 32.684 0.725 52.209 0.257 527.887
22.179 1.361 34.460 0.788 51.521 0.218 538.858
21.343 1.343 36.722 0.804 50.834 0.214 554.301
20.352 1.341 38.781 1.600 50.278 0.197 569.950
19.678 1.401 40.930 0.756 49.738 0.185 588.081
19.086 1.135 43.068 0.753 49.341 0.150 608.182
18.306 1.076 45.270 0.792 48.986 0.144 631.317
17.912 0.982 47.513 0.796 48.731 0.139 657.813
17.206 1.099 49.796 0.891 48.539 0.148 688.292
16.657 1.060 52.261 0.809 48.420 0.131 725.900
16.254 0.942 54.590 0.713 48.406 0.126 766.794
15.834 0.949 56.793 0.874 48.459 0.131 811.255
15.392 1.047 59.112 0.852 48.585 0.141 865.481
14.918 0.915 61.562 0.864 48.818 0.148 932.996
14.214 0.953 63.908 0.907 49.101 0.171 1010.218
14.124 0.976 66.083 0.880 49.491 0.159 1095.917
13.818 0.977 68.177 1.174 49.924 0.195 1195.185
13.568 0.972 70.554 1.065 50.496 0.203 1334.546
13.021 0.908 72.786 0.941 51.094 0.190 1501.306
12.854 1.042 74.795 1.030 51.791 0.240 1694.020
12.221 1.595 76.798 1.494 52.497 0.240 1945.454
12.204 1.359 78.688 1.229 53.283 0.266 2265.011
---
43.046 1.638 17.499 0.627 62.862 0.339 465.860
40.617 2.034 18.598 0.627 61.720 0.347 468.779
38.507 1.779 20.104 0.675 60.452 0.350 473.126
36.427 1.943 21.350 0.652 59.309 0.367 477.037
34.793 1.501 23.007 0.741 58.170 0.334 482.696
32.339 7.800 24.583 1.462 57.163 0.355 488.584
31.756 1.639 26.144 0.707 56.141 0.307 494.936
30.542 1.650 27.965 0.584 55.163 0.327 503.036
29.277 1.194 29.556 0.657 54.304 0.250 510.766
27.876 1.481 31.397 0.747 53.451 0.260 520.514
26.428 1.373 33.325 0.692 52.648 0.257 531.736
25.659 1.288 35.170 0.774 51.972 0.245 543.522
24.826 1.038 37.280 0.775 51.355 0.202 558.389
23.676 1.304 39.408 0.803 50.721 0.204 575.034
23.175 1.691 41.629 1.067 50.269 0.201 594.409
22.030 1.170 43.587 0.810 49.805 0.202 613.391
21.427 0.961 45.905 0.768 49.470 0.161 638.502
20.697 1.041 48.232 0.786 49.179 0.170 666.997
20.113 0.925 50.430 0.793 49.016 0.166 697.469
19.585 1.019 52.471 0.796 48.909 0.154 729.355
19.054 1.050 54.952 0.948 48.905 0.154 773.679
18.476 0.962 57.223 0.801 48.958 0.146 820.687
18.035 1.267 59.579 1.037 49.089 0.179 877.454
17.382 0.875 61.813 0.829 49.289 0.174 940.623
16.954 0.967 64.018 0.887 49.570 0.174 1014.172
16.466 0.990 66.245 0.936 49.976 0.189 1102.969
16.060 1.017 68.735 1.195 50.450 0.209 1225.051
15.717 1.335 70.740 0.922 50.967 0.218 1346.936
15.164 1.962 72.920 1.497 51.544 0.232 1512.749
14.757 1.680 74.819 0.947 52.223 0.262 1696.681
14.585 1.039 76.900 1.158 52.924 0.242 1960.287
14.261 1.000 78.686 1.120 53.761 0.290 2264.623
---
47.261 2.014 18.766 0.763 63.364 0.374 469.244
44.571 1.697 19.985 0.539 62.024 0.381 472.769
42.760 1.505 21.188 0.603 60.982 0.403 476.513
40.554 1.486 22.558 0.677 59.744 0.355 481.110
38.696 1.376 23.893 0.698 58.716 0.325 485.942
37.493 1.389 25.639 0.709 57.708 0.310 492.825
35.335 1.477 27.067 0.641 56.613 0.287 498.948
33.940 1.324 28.870 0.715 55.663 0.321 507.356
32.760 2.902 30.641 0.866 54.748 0.264 516.401
31.450 1.206 32.304 0.680 53.993 0.283 525.661
30.175 1.456 34.169 0.735 53.243 0.278 536.993
28.943 1.185 36.110 0.668 52.487 0.258 549.952
27.786 1.215 37.974 0.859 51.839 0.234 563.627
27.100 1.110 40.156 0.717 51.312 0.223 581.320
26.237 1.510 42.228 0.776 50.819 0.192 600.024
25.154 1.216 44.399 0.869 50.383 0.216 621.848
24.562 1.080 46.702 0.843 50.049 0.188 647.862
23.734 0.952 48.634 0.809 49.789 0.183 672.295
22.802 1.113 50.982 0.938 49.586 0.167 705.733
22.377 1.672 53.192 1.042 49.472 0.188 741.568
21.574 0.957 55.317 0.986 49.454 0.167 780.801
20.977 0.949 57.589 0.750 49.482 0.182 828.925
20.499 0.918 60.146 1.076 49.659 0.174 892.554
19.956 0.988 62.224 0.826 49.863 0.186 953.397
19.257 0.863 64.483 0.826 50.129 0.205 1031.389
18.773 0.907 66.786 0.893 50.537 0.213 1127.182
18.289 0.910 68.649 0.877 50.924 0.216 1220.355
18.018 0.877 70.838 1.004 51.482 0.239 1353.586
17.569 0.912 72.958 0.992 52.102 0.246 1516.046
17.113 1.050 75.041 0.977 52.745 0.247 1721.243
16.693 1.000 77.151 1.437 53.523 0.260 1997.878
16.209 1.316 79.229 1.627 54.251 0.275 2377.329
---
50.933 1.315 20.158 0.598 63.794 0.373 473.291
48.442 1.608 21.131 0.594 62.640 0.412 476.330
46.139 1.464 22.361 0.665 61.473 0.397 480.424
44.512 1.520 23.839 0.679 60.359 0.331 485.742
42.557 1.467 25.303 0.640 59.254 0.368 491.451
40.537 1.923 26.566 0.673 58.210 0.365 496.746
38.851 1.400 28.156 0.656 57.225 0.343 503.933
37.530 1.183 29.845 0.654 56.312 0.292 512.237
36.159 1.177 31.436 0.635 55.439 0.300 520.729
34.633 1.280 33.220 0.682 54.635 0.326 531.098
33.501 1.288 35.211 0.654 53.811 0.291 543.798
32.135 1.193 36.917 0.769 53.109 0.264 555.721
31.210 2.127 38.892 0.920 52.457 0.239 570.835
30.088 1.038 40.921 0.748 51.915 0.236 588.003
29.145 1.039 43.170 0.771 51.430 0.240 609.194
28.298 1.932 45.008 1.228 51.049 0.227 628.422
27.075 0.891 47.166 0.746 50.655 0.202 653.505
26.530 1.063 49.309 0.776 50.432 0.198 681.463
25.546 1.024 51.517 0.821 50.207 0.194 713.977
24.865 0.912 53.698 0.865 50.127 0.188 750.450
24.047 1.037 55.925 0.757 50.111 0.192 792.999
23.534 1.014 58.175 1.135 50.129 0.189 842.548
22.938 1.056 60.358 0.782 50.298 0.212 898.332
22.293 1.008 62.424 0.981 50.480 0.216 959.764
21.833 1.227 64.834 0.896 50.820 0.210 1044.821
21.189 0.879 66.868 0.891 51.159 0.228 1130.973
20.696 0.932 69.020 0.939 51.590 0.256 1240.915
20.179 1.072 71.303 0.878 52.148 0.244 1386.030
19.689 1.030 73.075 1.080 52.669 0.254 1526.138
19.391 0.984 75.365 1.070 53.394 0.277 1758.497
18.748 0.903 77.114 1.087 54.065 0.301 1992.311
18.445 1.013 79.130 1.201 54.902 0.292 2355.906
---
54.146 1.546 21.168 0.606 64.538 0.428 476.449
51.549 1.155 22.438 0.580 63.197 0.374 480.691
49.466 1.442 23.867 0.619 62.002 0.343 485.847
47.222 1.325 24.986 0.574 60.817 0.364 490.174
45.352 1.179 26.289 0.627 59.845 0.335 495.554
43.894 1.279 27.788 0.745 58.836 0.345 502.216
42.240 1.203 29.396 0.617 57.818 0.327 509.960
40.748 1.285 30.987 0.935 56.944 0.313 518.262
39.060 1.117 32.577 0.701 56.067 0.293 527.253
37.631 1.458 34.306 0.623 55.221 0.311 537.866
36.332 1.221 36.095 0.873 54.481 0.298 549.851
35.282 1.076 38.017 0.751 53.819 0.295 563.955
34.018 1.056 39.787 0.695 53.154 0.254 578.191
32.916 1.014 41.746 0.697 52.623 0.242 595.490
32.027 1.854 43.773 0.843 52.149 0.266 615.304
30.796 1.000 45.830 0.792 51.696 0.251 637.635
29.932 1.000 47.856 0.784 51.369 0.239 662.156
28.964 1.049 50.260 2.233 51.132 0.234 694.970
28.018 1.637 52.325 1.378 50.963 0.214 726.956
27.369 1.034 54.475 1.061 50.805 0.209 764.647
26.581 0.907 56.621 0.713 50.814 0.219 807.563
25.858 1.219 58.792 0.850 50.861 0.215 857.481
25.289 0.955 60.731 0.911 50.978 0.221 908.756
24.537 1.031 62.963 0.955 51.203 0.235 977.429
24.103 0.877 64.977 0.878 51.487 0.235 1050.382
23.301 0.911 67.197 0.879 51.844 0.251 1146.383
23.017 0.942 69.413 0.817 52.341 0.234 1263.560
22.478 1.010 71.288 0.920 52.770 0.260 1384.928
21.949 0.987 73.472 0.899 53.392 0.262 1561.792
21.416 1.059 75.288 0.950 53.982 0.252 1749.474
20.796 1.341 77.116 1.035 54.729 0.279 1992.584
20.746 1.194 79.264 0.999 55.536 0.306 2385.051
---
57.263 4.317 23.044 2.179 65.049 0.374 482.826
54.633 1.408 23.795 0.543 63.915 0.419 485.576
52.452 1.277 25.025 0.628 62.728 0.361 490.329
50.518 1.504 26.311 0.621 61.578 0.410 495.649
48.488 1.253 27.661 0.580 60.513 0.364 501.632
46.763 1.032 29.091 0.814 59.453 0.322 508.441
44.993 1.293 30.445 0.692 58.561 0.343 515.358
43.444 1.090 31.996 0.698 57.638 0.294 523.885
41.985 1.351 33.737 0.828 56.764 0.331 534.273
40.578 0.963 35.502 0.695 55.947 0.291 545.759
38.949 1.136 37.035 0.671 55.189 0.286 556.577
37.916 1.347 38.819 0.818 54.514 0.300 570.252
36.672 1.140 40.852 0.696 53.876 0.282 587.382
35.524 0.971 42.676 0.703 53.353 0.264 604.324
34.333 0.968 44.633 0.711 52.877 0.273 624.347
33.419 0.805 46.648 0.686 52.493 0.242 647.215
32.569 1.270 48.691 0.777 52.223 0.247 673.057
31.559 0.917 50.782 0.787 51.899 0.235 702.697
30.809 1.181 52.790 1.036 51.727 0.227 734.700
29.704 1.022 54.977 0.799 51.637 0.239 774.161
28.964 0.864 56.871 0.866 51.570 0.236 812.951
28.232 0.879 58.995 0.825 51.635 0.229 862.520
27.518 0.825 61.266 0.818 51.775 0.237 924.186
26.925 1.007 63.521 0.809 51.988 0.243 996.481
26.201 0.911 65.525 0.720 52.266 0.269 1072.414
25.531 1.115 67.679 2.047 52.625 0.263 1169.825
24.952 0.851 69.602 0.934 53.025 0.256 1274.768
24.230 0.977 71.656 0.889 53.507 0.280 1411.738
23.945 1.087 73.715 1.326 54.123 0.301 1584.482
23.215 1.185 75.442 0.892 54.702 0.314 1767.597
22.713 0.893 77.298 1.059 55.446 0.309 2020.694
22.406 1.250 79.292 1.055 56.220 0.316 2391.301
---
59.426 1.265 24.034 0.662 65.773 0.382 486.475
57.046 1.324 25.281 0.751 64.618 0.384 491.361
54.749 1.345 26.295 0.653 63.462 0.319 495.579
52.853 1.402 27.605 0.601 62.309 0.391 501.374
51.147 1.243 29.008 0.594 61.242 0.363 508.031
49.330 1.406 30.307 0.687 60.234 0.392 514.633
47.591 1.070 31.776 0.647 59.255 0.320 522.636
46.062 1.283 33.219 0.693 58.398 0.369 531.087
44.485 1.085 34.855 0.641 57.508 0.329 541.433
43.087 1.182 36.430 0.687 56.718 0.325 552.213
41.752 1.334 38.095 0.915 56.035 0.340 564.556
40.207 1.124 39.998 0.671 55.264 0.285 579.979
39.248 1.033 41.779 0.654 54.731 0.320 595.796
37.993 1.246 43.514 0.811 54.159 0.280 612.651
36.895 1.004 45.637 0.743 53.713 0.285 635.438
35.700 0.841 47.446 0.797 53.278 0.235 656.972
34.858 0.808 49.392 0.767 52.994 0.259 682.617
33.921 1.104 51.259 1.353 52.751 0.255 709.975
32.982 0.929 53.403 0.752 52.585 0.280 745.242
32.031 1.322 55.612 0.953 52.474 0.244 786.664
31.347 1.320 57.990 2.614 52.415 0.259 838.197
30.422 0.925 59.756 0.845 52.460 0.264 882.108
29.839 0.908 61.834 0.809 52.630 0.235 941.272
28.985 0.865 63.761 0.784 52.805 0.270 1004.949
28.346 0.819 66.004 0.802 53.104 0.259 1092.518
27.631 0.945 68.067 1.651 53.425 0.266 1189.474
26.961 0.880 69.997 0.950 53.903 0.249 1298.838
26.394 0.907 71.875 0.834 54.402 0.273 1428.201
25.559 1.034 74.167 1.239 54.941 0.316 1628.478
25.364 1.099 75.902 0.991 55.594 0.332 1823.976
24.754 1.110 77.832 1.394 56.274 0.311 2107.954
23.953 1.125 79.217 0.866 56.969 0.296 2374.740
---
60.886 2.727 25.503 0.632 66.429 0.345 492.266
59.107 1.245 26.514 0.678 65.250 0.435 496.520
57.053 1.382 27.815 0.702 64.188 0.366 502.341
55.072 1.460 28.919 1.039 62.991 0.398 507.597
53.165 1.153 30.178 0.646 62.012 0.401 513.958
51.528 1.063 31.590 0.638 61.008 0.368 521.589
49.968 1.049 32.882 0.693 60.116 0.379 529.060
48.471 0.821 34.404 0.636 59.208 0.312 538.499
46.911 1.045 35.981 0.701 58.309 0.323 549.055
45.154 0.923 37.596 0.719 57.472 0.314 560.746
44.165 1.031 39.141 0.712 56.814 0.329 572.847
42.877 0.848 40.896 0.803 56.180 0.302 587.774
41.538 0.917 42.618 0.680 55.589 0.295 603.765
40.393 1.010 44.639 0.712 55.086 0.326 624.409
39.332 0.966 46.439 0.813 54.656 0.282 644.724
38.322 0.945 48.382 0.832 54.254 0.289 668.962
37.054 0.963 50.287 0.908 53.871 0.267 695.368
36.045 0.949 52.090 0.784 53.594 0.280 723.112
35.163 0.971 54.147 0.697 53.453 0.287 758.578
34.465 2.155 56.247 0.734 53.363 0.261 799.652
33.417 0.740 58.154 0.685 53.322 0.256 842.052
32.579 0.916 60.292 0.663 53.379 0.268 896.527
31.804 0.787 62.218 0.798 53.494 0.278 953.198
31.137 0.822 64.403 0.807 53.739 0.276 1028.385
30.230 0.915 66.366 0.852 53.956 0.315 1108.295
29.605 1.093 68.086 0.816 54.261 0.260 1190.451
29.026 0.870 70.341 0.763 54.768 0.289 1320.684
28.277 0.827 72.167 0.852 55.208 0.288 1450.824
27.688 0.870 74.170 0.828 55.827 0.292 1628.753
27.224 1.047 75.990 1.038 56.385 0.333 1835.289
26.523 0.977 77.861 1.131 57.108 0.320 2112.857
26.041 1.142 79.649 1.055 57.858 0.345 2472.693
---
62.984 1.063 26.767 0.632 67.301 0.385 497.622
60.882 1.141 27.870 0.565 66.087 0.440 502.594
59.297 0.942 29.014 0.564 64.974 0.402 508.059
56.857 0.951 30.144 0.560 63.756 0.383 513.779
55.176 1.057 31.529 0.507 62.753 0.371 521.251
53.705 1.129 32.708 0.802 61.804 0.332 528.024
52.113 0.905 34.182 0.616 60.918 0.375 537.078
50.524 1.023 35.689 0.679 60.084 0.328 547.039
49.205 1.085 37.091 0.565 59.255 0.355 556.990
47.574 1.259 38.894 0.686 58.462 0.361 570.849
46.366 0.979 40.401 0.783 57.711 0.282 583.435
44.996 0.937 41.833 0.608 57.134 0.339 596.299
43.666 0.836 43.823 0.629 56.478 0.318 615.819
42.377 0.821 45.570 0.820 55.939 0.276 634.676
41.331 0.755 47.353 0.816 55.493 0.288 655.818
40.158 1.034 49.056 0.862 55.149 0.285 677.994
39.339 0.866 51.193 0.800 54.850 0.297 708.945
38.188 0.979 53.137 1.327 54.616 0.312 740.611
37.272 1.054 54.972 0.918 54.418 0.302 774.066
36.325 0.821 57.026 0.779 54.324 0.288 816.337
35.590 1.231 58.936 0.756 54.338 0.310 861.058
34.624 0.902 60.989 0.774 54.353 0.270 916.135
33.818 0.723 62.762 0.844 54.467 0.321 970.738
33.163 0.833 64.800 0.865 54.697 0.274 1043.491
32.215 0.751 66.782 0.853 54.947 0.308 1126.994
31.655 0.918 68.874 0.783 55.276 0.278 1232.742
30.699 0.861 70.520 0.889 55.653 0.286 1332.315
30.094 1.166 72.485 0.954 56.148 0.318 1476.329
29.604 0.979 74.402 0.858 56.717 0.302 1652.417
28.982 1.061 76.171 0.996 57.319 0.380 1858.761
28.372 1.063 78.095 0.955 58.028 0.317 2153.727
27.829 0.966 79.699 0.972 58.771 0.306 2484.523
---
64.706 0.924 28.207 0.519 68.085 0.387 504.174
62.564 1.177 29.177 0.518 66.878 0.464 508.865
60.701 1.070 30.311 0.567 65.749 0.357 514.653
59.011 0.926 31.430 0.548 64.732 0.387 520.697
57.688 1.503 32.669 1.032 63.860 0.404 527.793
55.725 1.281 33.859 0.572 62.767 0.379 535.034
54.081 1.080 35.402 0.761 61.927 0.302 545.081
52.680 1.017 36.857 0.598 60.997 0.388 555.282
51.094 0.946 38.291 0.613 60.137 0.363 566.076
49.571 0.927 39.853 0.831 59.398 0.346 578.745
48.174 0.935 41.452 0.752 58.702 0.373 592.790
46.905 0.983 42.910 0.769 58.107 0.324 606.613
45.746 0.782 44.683 0.753 57.470 0.308 624.891
44.785 1.139 46.617 0.977 56.989 0.310 646.843
43.357 1.006 48.091 0.746 56.522 0.332 665.175
42.600 0.849 49.839 0.814 56.229 0.299 688.905
41.491 0.952 51.947 0.661 55.874 0.272 720.817
40.218 0.812 53.812 0.691 55.577 0.297 752.495
39.255 0.855 55.707 0.876 55.453 0.285 788.577
38.224 0.900 57.664 1.248 55.330 0.301 830.658
37.613 0.963 59.469 0.786 55.373 0.311 874.611
36.532 0.840 61.412 0.790 55.333 0.312 928.517
35.782 0.722 63.397 0.887 55.524 0.306 992.159
34.844 0.833 65.328 0.881 55.652 0.300 1064.383
34.323 0.978 67.226 0.897 55.981 0.330 1147.773
33.485 0.757 69.011 0.843 56.315 0.291 1240.414
32.781 0.951 70.875 1.030 56.681 0.325 1356.096
32.093 0.910 72.905 0.844 57.163 0.291 1511.447
31.620 1.250 74.562 0.928 57.691 0.357 1669.060
30.675 1.615 76.663 1.179 58.353 0.303 1926.048
30.187 0.890 78.359 1.005 58.962 0.319 2201.923
29.593 1.105 79.892 0.955 59.614 0.338 2531.604
---
65.925 1.134 29.489 0.649 68.993 0.351 510.423
63.896 1.030 30.473 0.637 67.730 0.482 515.508
62.291 0.984 31.843 1.197 66.672 0.420 523.017
60.598 0.717 32.815 0.610 65.653 0.400 528.659
59.095 0.799 34.063 0.608 64.621 0.392 536.324
57.238 0.796 35.230 0.636 63.634 0.381 543.922
55.784 0.925 36.642 0.682 62.827 0.350 553.731
54.496 0.758 37.954 0.618 61.976 0.334 563.471
52.942 0.824 39.456 0.637 61.112 0.339 575.431
51.427 0.992 41.090 0.639 60.367 0.374 589.512
50.147 0.909 42.393 0.634 59.633 0.360 601.597
48.758 0.896 44.128 0.591 59.072 0.340 618.984
47.562 1.047 45.888 0.846 58.572 0.335 638.299
46.474 0.649 47.321 0.637 58.028 0.305 655.420
45.296 0.905 49.299 0.656 57.591 0.337 681.319
44.409 0.806 50.833 0.631 57.264 0.336 703.470
43.204 0.932 52.787 0.706 56.959 0.322 734.643
42.198 0.975 54.636 0.750 56.706 0.345 767.657
41.045 0.882 56.344 0.733 56.454 0.315 801.693
40.132 0.750 58.365 0.761 56.413 0.288 847.091
39.211 0.967 60.109 0.797 56.393 0.314 891.551
38.469 0.884 62.081 0.805 56.474 0.328 948.906
37.515 0.725 63.951 0.825 56.531 0.322 1011.745
36.749 0.847 65.719 1.189 56.751 0.327 1080.476
36.123 1.014 67.509 0.853 56.963 0.317 1161.460
35.243 1.057 69.487 0.791 57.296 0.320 1267.890
34.428 1.396 71.463 0.954 57.733 0.325 1397.527
33.763 0.952 73.092 1.290 58.187 0.343 1527.695
33.047 0.860 75.122 0.937 58.755 0.365 1730.422
32.569 1.463 76.882 0.850 59.333 0.349 1957.612
31.626 0.933 78.619 0.944 59.969 0.370 2251.545
31.022 1.583 80.105 1.056 60.687 0.359 2585.373
