phi std_phi theta std_theta rho std_rho effective thickness
---
89.810 1.248 138.052 0.585 56.921 0.414 -597.374
87.832 1.148 137.169 0.549 55.980 0.406 -605.842
85.591 1.184 136.013 0.696 55.011 0.451 -617.512
83.601 1.331 134.991 0.811 54.106 0.320 -628.429
81.868 1.203 133.656 0.714 53.201 0.384 -643.612
79.588 1.122 132.505 0.608 52.558 0.345 -657.582
77.609 1.443 131.259 0.777 51.793 0.362 -673.731
75.396 1.272 129.665 1.257 51.167 0.372 -696.065
73.511 1.256 128.272 0.735 50.635 0.360 -717.309
71.782 1.157 126.796 0.666 50.173 0.350 -741.774
69.792 1.290 125.176 0.983 49.736 0.320 -771.233
68.218 2.110 123.359 1.358 49.396 0.335 -807.996
66.469 1.349 121.858 1.051 49.168 0.354 -841.762
64.577 1.068 120.179 0.712 48.957 0.359 -883.818
63.087 1.002 118.365 0.797 48.933 0.324 -935.209
61.456 1.045 116.593 0.833 48.884 0.313 -992.531
59.762 1.033 114.752 0.872 48.959 0.361 -1061.175
58.365 1.066 112.866 0.888 49.060 0.326 -1143.387
56.623 1.066 110.945 0.825 49.370 0.331 -1242.919
55.292 0.974 109.314 0.819 49.682 0.354 -1343.338
53.810 1.322 107.353 0.852 50.074 0.370 -1489.677
52.684 0.904 105.872 0.759 50.591 0.405 -1624.534
51.333 0.866 103.996 0.763 51.095 0.355 -1837.060
50.101 0.732 102.067 0.719 51.730 0.372 -2125.298
48.871 0.985 100.586 0.890 52.404 0.402 -2418.480
47.687 0.649 98.817 0.619 53.181 0.374 -2898.504
46.681 0.680 97.005 0.550 53.892 0.419 -3643.105
45.651 0.658 95.464 0.509 54.747 0.431 -4666.227
44.500 0.648 93.916 0.605 55.773 0.358 -6505.789
43.540 0.595 92.474 0.613 56.653 0.379 -10292.996
42.492 0.668 91.086 0.542 57.798 0.412 -23442.888
41.727 0.579 90.338 0.164 58.739 0.237 -75414.204
---
91.708 1.307 137.172 0.751 55.967 0.369 -605.808
89.741 1.429 136.148 0.718 54.901 0.398 -616.119
87.709 1.334 135.145 0.763 53.945 0.436 -626.748
85.686 1.249 134.090 0.630 53.117 0.377 -638.552
83.628 1.099 132.715 0.619 52.203 0.372 -654.965
81.661 1.206 131.456 0.848 51.390 0.408 -671.099
79.481 1.227 130.145 0.722 50.697 0.398 -689.126
77.408 1.232 128.721 0.780 50.094 0.370 -710.287
75.579 1.130 127.347 0.823 49.540 0.383 -732.393
73.804 1.358 125.785 0.775 49.069 0.379 -759.819
71.945 1.116 124.219 0.675 48.588 0.342 -790.060
70.020 1.430 122.418 1.010 48.241 0.349 -828.777
68.189 1.279 120.720 0.887 48.021 0.353 -869.730
66.274 1.069 119.150 0.911 47.916 0.345 -912.146
64.559 1.065 117.271 0.824 47.752 0.300 -969.661
62.995 1.210 115.414 0.873 47.717 0.346 -1035.281
61.404 0.967 113.642 0.775 47.762 0.314 -1107.921
59.623 1.063 111.686 0.912 47.965 0.334 -1202.384
58.302 1.122 109.747 0.803 48.203 0.335 -1315.022
56.876 1.072 107.960 0.965 48.522 0.374 -1440.913
55.410 1.178 106.215 0.835 48.892 0.369 -1591.131
53.944 0.835 104.487 0.751 49.393 0.335 -1776.066
52.748 0.838 102.738 0.751 49.944 0.370 -2015.106
51.395 0.718 100.678 0.630 50.535 0.335 -2397.945
50.181 0.792 99.043 0.651 51.233 0.375 -2826.793
48.837 0.749 97.604 1.369 52.105 0.411 -3357.622
47.596 0.786 95.676 0.630 52.918 0.364 -4492.603
46.680 0.708 94.161 0.571 53.727 0.355 -6123.408
45.587 0.729 92.561 0.611 54.681 0.319 -9943.789
44.550 0.550 91.150 0.527 55.727 0.440 -22138.366
43.492 0.562 90.318 0.222 56.872 0.260 -80027.549
-nan -nan -nan -nan -nan -nan -nan
---
94.004 1.868 136.067 0.728 55.021 0.421 -616.949
92.039 1.199 135.061 0.640 53.968 0.370 -627.665
89.660 1.260 133.969 0.771 53.039 0.423 -639.952
87.874 1.164 132.966 0.782 52.040 0.412 -651.886
85.594 1.332 131.756 0.775 51.181 0.347 -667.164
83.750 1.296 130.388 0.727 50.392 0.365 -685.690
81.760 1.340 129.077 0.802 49.678 0.393 -704.831
79.527 1.068 127.695 0.725 49.033 0.319 -726.617
77.593 1.188 126.215 0.754 48.413 0.324 -752.017
75.598 1.571 124.602 0.769 47.850 0.335 -782.401
73.842 1.583 122.984 1.627 47.496 0.344 -816.114
71.779 1.108 121.200 1.191 47.108 0.303 -857.688
69.795 1.255 119.610 0.843 46.896 0.296 -899.216
68.080 1.200 117.895 0.895 46.737 0.306 -949.672
66.386 1.221 116.017 0.746 46.610 0.314 -1012.922
64.750 0.970 114.198 0.875 46.610 0.291 -1083.956
62.953 1.086 112.383 0.927 46.668 0.319 -1166.753
61.381 0.998 110.460 0.927 46.832 0.323 -1271.077
59.920 1.194 108.663 0.939 47.100 0.347 -1388.400
58.283 1.320 106.840 0.928 47.392 0.345 -1533.672
56.866 0.917 104.875 0.809 47.775 0.326 -1730.715
53.463 18.928 103.269 2.752 48.297 0.313 -1935.795
53.931 0.819 101.035 0.618 48.862 0.367 -2321.237
52.636 0.773 99.330 0.676 49.527 0.365 -2740.697
51.328 0.692 97.418 0.656 50.212 0.368 -3441.186
50.005 0.765 95.933 0.682 51.026 0.381 -4298.290
49.009 0.643 94.310 0.589 51.757 0.374 -5912.148
47.832 0.732 92.752 0.667 52.726 0.359 -9253.812
46.602 0.748 91.201 0.571 53.707 0.426 -21205.182
45.321 0.506 90.345 0.236 54.758 0.315 -73725.446
-nan -nan -nan -nan -nan -nan -nan
-nan -nan -nan -nan -nan -nan -nan
---
95.909 1.283 135.032 0.661 54.099 0.375 -627.987
94.145 1.219 133.994 0.868 53.025 0.381 -639.663
92.015 1.067 132.907 0.729 52.030 0.360 -652.604
89.741 1.687 131.787 1.368 51.110 0.308 -666.758
87.746 1.105 130.623 0.838 50.209 0.343 -682.399
85.532 1.270 129.339 0.726 49.451 0.321 -700.897
83.674 1.220 127.985 0.811 48.635 0.365 -721.903
81.735 1.365 126.560 0.888 47.985 0.312 -745.893
79.470 1.904 125.149 1.138 47.398 0.344 -771.759
77.558 1.049 123.387 0.941 46.862 0.341 -807.393
75.539 1.057 121.840 0.780 46.442 0.315 -842.197
73.728 1.140 120.192 0.762 46.076 0.293 -883.470
71.700 1.140 118.330 1.141 45.830 0.298 -936.264
69.823 1.465 116.670 0.967 45.657 0.292 -989.877
68.226 1.176 114.710 0.840 45.519 0.313 -1062.861
66.310 1.189 112.808 0.803 45.565 0.312 -1146.154
64.695 1.117 111.096 1.296 45.594 0.277 -1234.395
63.041 1.008 109.044 0.860 45.784 0.300 -1361.682
61.405 1.209 107.146 0.797 46.020 0.295 -1507.059
59.606 1.067 105.424 0.724 46.406 0.305 -1670.558
58.277 0.955 103.495 1.062 46.795 0.301 -1903.948
56.814 0.842 101.536 0.621 47.273 0.321 -2221.616
55.407 0.803 99.564 0.661 47.834 0.351 -2674.052
53.996 0.782 97.891 0.665 48.510 0.333 -3236.416
52.653 0.819 96.025 0.630 49.209 0.349 -4232.622
51.334 0.855 94.499 0.682 50.039 0.340 -5663.455
50.097 0.788 92.714 0.697 50.930 0.357 -9381.582
49.147 0.785 91.077 0.543 51.719 0.407 -23645.337
47.616 0.581 90.462 0.333 52.819 0.229 -55100.819
-nan -nan -nan -nan -nan -nan -nan
-nan -nan -nan -nan -nan -nan -nan
-nan -nan -nan -nan -nan -nan -nan
---
98.033 1.190 133.838 0.659 53.386 0.377 -641.471
96.138 1.138 132.789 0.703 52.183 0.418 -654.049
94.059 1.757 131.609 0.722 51.111 0.386 -669.089
92.267 1.260 130.725 0.651 50.210 0.347 -680.993
89.928 1.221 129.371 0.779 49.288 0.341 -700.411
88.058 1.199 128.114 0.664 48.492 0.306 -719.825
85.657 1.452 126.869 0.954 47.790 0.333 -740.508
83.557 1.292 125.396 0.921 47.078 0.359 -767.068
81.592 1.143 123.882 0.759 46.460 0.295 -796.973
79.525 1.301 122.253 0.807 45.893 0.310 -832.560
77.268 1.228 120.459 0.833 45.452 0.282 -876.457
75.474 1.268 118.896 0.904 45.141 0.294 -919.462
73.641 1.166 117.077 0.880 44.844 0.305 -976.096
71.756 1.315 115.236 0.841 44.643 0.286 -1042.109
70.201 1.913 113.333 0.963 44.517 0.267 -1121.769
68.241 1.167 111.425 0.996 44.505 0.276 -1216.291
66.488 1.128 109.741 0.850 44.599 0.277 -1315.379
64.812 1.076 107.612 0.961 44.747 0.281 -1468.389
63.048 1.058 105.769 0.842 45.024 0.280 -1634.925
61.331 0.906 103.821 0.696 45.397 0.287 -1859.862
59.830 0.802 101.833 0.749 45.790 0.296 -2166.657
58.247 0.945 100.012 0.705 46.372 0.333 -2555.628
56.632 0.877 98.232 0.675 46.960 0.346 -3103.035
55.397 0.860 96.423 0.646 47.549 0.338 -3971.871
54.083 0.854 94.594 0.667 48.240 0.331 -5546.998
52.621 0.824 92.736 0.693 49.187 0.349 -9308.314
51.311 0.736 91.196 0.604 50.025 0.354 -21279.712
50.078 0.564 90.514 0.302 50.875 0.266 -49554.900
-nan -nan -nan -nan -nan -nan -nan
-nan -nan -nan -nan -nan -nan -nan
-nan -nan -nan -nan -nan -nan -nan
-nan -nan -nan -nan -nan -nan -nan
---
99.954 1.193 132.518 0.653 52.459 0.360 -657.422
98.137 1.286 131.459 0.720 51.351 0.361 -671.062
96.244 1.305 130.440 0.711 50.380 0.358 -684.957
93.804 1.090 129.408 0.792 49.461 0.340 -699.867
92.120 2.516 128.100 1.158 48.498 0.328 -720.051
89.572 1.257 126.897 0.881 47.629 0.332 -740.030
87.796 1.329 125.465 0.814 46.880 0.307 -765.769
85.622 1.246 123.993 0.930 46.172 0.304 -794.673
83.770 1.159 122.587 0.709 45.570 0.267 -824.943
81.508 1.172 120.854 0.801 45.039 0.283 -866.331
79.502 1.154 119.193 0.921 44.572 0.272 -910.911
77.384 1.234 117.460 0.855 44.193 0.264 -963.517
75.598 1.308 115.898 0.819 43.944 0.276 -1017.257
73.512 1.093 113.776 1.083 43.744 0.268 -1102.033
71.674 1.126 111.890 0.913 43.662 0.246 -1191.718
69.981 1.277 110.007 0.969 43.633 0.258 -1298.638
68.196 1.251 108.148 0.959 43.707 0.266 -1426.436
66.529 1.112 106.256 0.870 43.846 0.269 -1587.150
64.649 1.095 104.249 0.838 44.118 0.252 -1805.084
62.998 0.923 102.212 0.793 44.459 0.272 -2100.460
61.437 1.014 100.340 0.691 44.903 0.292 -2475.253
59.731 0.826 98.443 0.694 45.442 0.299 -3026.095
58.111 0.858 96.610 0.679 46.055 0.293 -3859.955
56.799 0.833 94.697 0.707 46.719 0.309 -5425.545
55.362 0.789 92.897 0.696 47.479 0.348 -8791.456
53.924 0.787 91.332 0.676 48.360 0.366 -19108.165
52.847 0.617 90.420 0.300 49.126 0.269 -60649.058
-nan -nan -nan -nan -nan -nan -nan
-nan -nan -nan -nan -nan -nan -nan
-nan -nan -nan -nan -nan -nan -nan
-nan -nan -nan -nan -nan -nan -nan
46.885 0.716 81.511 0.224 54.524 0.288 3009.801
---
102.045 1.273 131.230 0.753 51.804 0.423 -674.124
100.379 1.317 130.303 0.669 50.750 0.372 -686.888
98.024 1.489 129.208 0.793 49.614 0.366 -702.860
95.680 1.895 128.113 0.997 48.621 0.318 -719.846
93.897 1.190 126.817 0.849 47.710 0.313 -741.407
91.946 1.444 125.672 0.836 46.908 0.341 -761.910
89.945 1.222 124.316 0.868 46.147 0.305 -788.098
87.652 1.173 122.676 0.822 45.371 0.276 -822.940
85.673 1.381 121.048 0.974 44.736 0.273 -861.444
83.807 1.214 119.459 0.847 44.175 0.269 -903.418
81.666 1.007 117.863 0.800 43.724 0.251 -950.662
79.399 1.243 116.001 0.998 43.358 0.279 -1013.497
77.626 1.275 114.240 0.967 43.083 0.238 -1082.186
75.418 1.117 112.288 0.880 42.868 0.247 -1171.480
73.639 1.215 110.525 1.040 42.788 0.230 -1267.220
71.958 1.807 108.602 1.192 42.791 0.231 -1392.835
69.992 1.199 106.604 0.839 42.870 0.238 -1554.855
68.029 1.162 104.676 0.978 43.046 0.232 -1753.641
66.490 1.056 102.686 0.886 43.274 0.256 -2023.193
64.733 0.877 100.665 0.712 43.622 0.261 -2400.709
63.212 0.871 98.703 0.785 44.063 0.269 -2936.181
61.426 0.845 96.838 0.740 44.556 0.270 -3731.574
59.921 0.911 94.863 0.719 45.220 0.287 -5240.594
58.293 0.884 93.074 0.729 45.934 0.306 -8284.579
56.854 0.932 91.217 0.618 46.675 0.330 -20925.045
55.490 0.674 90.408 0.309 47.490 0.235 -62333.098
-nan -nan -nan -nan -nan -nan -nan
-nan -nan -nan -nan -nan -nan -nan
-nan -nan -nan -nan -nan -nan -nan
-nan -nan -nan -nan -nan -nan -nan
48.863 0.789 81.126 0.421 52.701 0.376 2880.138
47.770 0.754 80.168 0.560 53.856 0.388 2601.999
---
104.181 1.216 129.797 0.694 51.168 0.341 -694.144
101.973 1.288 128.682 0.806 49.928 0.321 -710.884
100.146 1.256 127.826 0.744 48.989 0.390 -724.478
98.211 1.348 126.567 0.690 47.959 0.310 -745.767
95.937 1.248 125.339 0.888 46.992 0.339 -768.142
93.928 1.256 123.863 0.831 46.112 0.298 -797.374
91.964 1.213 122.773 0.838 45.380 0.297 -820.781
89.853 1.222 121.233 0.899 44.689 0.277 -856.866
87.575 1.161 119.661 0.835 44.033 0.282 -897.822
85.578 1.112 117.953 0.943 43.429 0.279 -947.853
83.498 1.264 116.209 0.882 42.965 0.233 -1006.022
81.624 1.490 114.458 0.868 42.601 0.229 -1073.117
79.497 1.401 112.643 0.888 42.305 0.215 -1154.051
77.834 1.798 110.774 1.322 42.075 0.209 -1252.646
75.441 1.335 108.841 1.011 42.019 0.210 -1375.805
73.689 1.301 106.975 0.827 41.987 0.220 -1521.855
71.680 1.044 104.936 0.817 42.090 0.221 -1723.885
70.050 1.013 103.059 0.958 42.254 0.233 -1966.342
68.011 1.027 100.939 0.814 42.574 0.236 -2341.257
66.215 1.034 98.982 0.784 42.909 0.232 -2845.677
64.783 0.940 96.984 0.723 43.305 0.257 -3653.862
63.241 0.939 94.957 0.745 43.811 0.252 -5141.758
61.422 0.994 93.243 0.800 44.471 0.254 -7852.733
59.796 0.970 91.403 0.722 45.200 0.289 -18149.853
58.290 0.660 90.355 0.250 46.015 0.231 -71713.713
-nan -nan -nan -nan -nan -nan -nan
-nan -nan -nan -nan -nan -nan -nan
-nan -nan -nan -nan -nan -nan -nan
-nan -nan -nan -nan -nan -nan -nan
51.536 0.766 80.931 0.449 50.960 0.296 2818.880
50.203 0.814 79.894 0.532 52.114 0.359 2532.033
48.908 0.643 78.849 0.618 53.275 0.376 2297.291
---
106.075 1.173 128.275 0.769 50.576 0.374 -717.259
103.863 1.272 127.308 0.883 49.432 0.377 -733.055
102.098 1.186 126.261 0.846 48.366 0.363 -751.192
99.919 1.186 125.165 0.802 47.333 0.317 -771.443
97.862 1.330 123.872 0.790 46.408 0.311 -797.173
95.920 1.508 122.609 0.810 45.568 0.299 -824.445
94.018 1.147 121.110 0.840 44.716 0.286 -859.906
91.676 1.144 119.670 0.879 44.020 0.310 -897.570
89.886 1.244 118.132 0.896 43.372 0.252 -942.307
87.720 1.194 116.440 0.937 42.804 0.241 -997.834
85.889 1.129 114.645 1.037 42.283 0.245 -1065.462
83.814 1.182 112.975 0.869 41.918 0.197 -1138.272
81.572 1.284 111.088 0.892 41.635 0.207 -1234.875
79.505 1.197 108.938 1.015 41.381 0.178 -1368.978
77.520 1.227 107.138 0.954 41.325 0.177 -1507.766
75.457 1.680 105.234 0.960 41.290 0.188 -1690.859
73.836 1.096 103.184 0.814 41.363 0.195 -1947.952
71.742 1.077 101.075 0.782 41.568 0.195 -2312.857
69.904 0.946 99.165 1.484 41.841 0.207 -2789.456
68.093 0.925 97.165 0.762 42.220 0.209 -3562.344
66.451 0.943 95.154 0.765 42.643 0.230 -4945.720
64.601 0.951 93.250 0.787 43.225 0.237 -7837.573
62.990 0.920 91.337 0.766 43.851 0.249 -19047.858
61.388 0.634 90.348 0.240 44.477 0.207 -73200.466
-nan -nan -nan -nan -nan -nan -nan
-nan -nan -nan -nan -nan -nan -nan
-nan -nan -nan -nan -nan -nan -nan
-nan -nan -nan -nan -nan -nan -nan
53.815 0.715 80.601 0.415 49.290 0.307 2720.645
52.748 0.807 79.571 0.595 50.342 0.353 2454.412
51.513 0.713 78.387 0.657 51.449 0.374 2207.236
49.955 0.701 76.991 0.603 52.790 0.400 1973.762
---
107.792 1.134 126.934 0.736 50.133 0.361 -739.397
105.832 1.446 125.794 0.791 48.914 0.338 -759.651
104.045 1.156 124.581 0.656 47.864 0.329 -782.804
101.825 1.173 123.712 0.766 46.875 0.315 -800.515
100.196 1.320 122.291 0.986 45.915 0.315 -831.677
98.021 1.146 121.018 1.424 44.964 0.278 -862.214
95.852 1.422 119.461 1.480 44.181 0.246 -903.364
93.935 1.599 118.042 1.035 43.414 0.252 -945.095
91.848 1.373 116.422 0.953 42.800 0.243 -998.476
89.840 1.252 114.756 0.925 42.217 0.219 -1061.007
87.608 1.200 113.028 1.005 41.754 0.209 -1135.801
85.658 1.230 111.218 0.940 41.327 0.202 -1227.618
83.699 1.160 109.311 0.892 41.022 0.166 -1343.509
81.724 1.515 107.324 1.008 40.809 0.164 -1492.029
79.542 1.119 105.472 0.879 40.711 0.162 -1665.532
77.454 1.286 103.489 0.917 40.696 0.157 -1904.739
75.669 1.166 101.425 0.968 40.782 0.172 -2242.923
73.794 1.042 99.374 0.819 40.963 0.170 -2727.940
71.874 1.109 97.445 0.711 41.256 0.200 -3428.753
69.906 0.976 95.430 0.798 41.634 0.199 -4694.996
68.282 1.064 93.330 0.806 42.072 0.221 -7648.717
66.421 0.951 91.450 0.732 42.656 0.222 -17560.753
64.767 1.003 90.428 0.313 43.159 0.147 -59455.048
-nan -nan -nan -nan -nan -nan -nan
-nan -nan -nan -nan -nan -nan -nan
-nan -nan -nan -nan -nan -nan -nan
58.452 0.085 81.354 0.027 46.820 0.107 2955.457
56.898 0.869 80.537 0.556 47.637 0.349 2702.472
55.358 0.822 79.410 0.707 48.736 0.350 2417.545
54.068 0.825 77.967 0.711 49.781 0.335 2131.257
52.481 0.776 76.719 0.614 51.052 0.378 1934.068
51.435 0.741 75.174 0.629 52.258 0.350 1736.325
---
109.839 1.010 125.163 0.740 49.637 0.371 -771.474
107.686 0.944 124.252 0.771 48.502 0.316 -789.394
105.947 1.337 122.984 0.875 47.399 0.318 -816.129
104.063 1.030 121.908 0.876 46.398 0.323 -840.580
102.080 1.107 120.597 0.771 45.430 0.280 -872.884
100.089 1.188 119.164 0.851 44.511 0.268 -911.744
98.145 1.188 117.821 0.849 43.718 0.261 -951.987
95.922 1.742 116.149 0.977 42.948 0.219 -1008.152
93.881 1.245 114.609 0.974 42.271 0.242 -1066.950
91.939 1.238 112.997 0.839 41.705 0.196 -1137.248
89.811 1.208 111.270 0.991 41.236 0.191 -1224.782
87.831 1.368 109.325 0.989 40.806 0.171 -1342.616
85.620 1.350 107.440 0.868 40.514 0.144 -1482.480
83.495 1.443 105.762 1.406 40.315 0.146 -1635.619
81.566 1.175 103.671 0.810 40.197 0.140 -1879.935
79.577 1.163 101.678 0.946 40.189 0.129 -2194.998
77.607 1.080 99.463 0.811 40.263 0.141 -2702.420
75.717 1.084 97.457 0.822 40.453 0.154 -3423.530
73.776 0.983 95.389 0.861 40.722 0.156 -4730.363
71.784 0.984 93.442 0.846 41.116 0.171 -7401.210
69.937 1.076 91.465 0.691 41.571 0.195 -17382.740
68.140 0.774 90.507 0.289 42.100 0.121 -50173.902
-nan -nan -nan -nan -nan -nan -nan
62.846 0.000 81.968 0.000 43.846 0.000 3179.811
-nan -nan -nan -nan -nan -nan -nan
61.250 0.616 81.089 0.368 45.514 0.083 2868.390
59.787 0.914 80.237 0.565 46.192 0.332 2620.237
58.137 0.882 79.009 0.746 47.211 0.301 2330.292
56.876 0.904 77.529 0.764 48.237 0.362 2057.468
55.371 0.749 76.195 0.684 49.423 0.334 1861.925
53.984 0.938 74.863 0.629 50.632 0.399 1701.500
52.514 0.814 73.652 0.703 51.852 0.357 1578.509
---
111.577 1.149 123.573 0.794 49.332 0.341 -803.447
109.902 1.372 122.499 0.849 48.187 0.333 -826.934
108.031 1.187 121.396 0.900 47.101 0.316 -852.872
106.131 1.224 120.317 0.852 46.072 0.294 -880.169
103.945 1.549 118.827 0.857 45.061 0.280 -921.478
102.154 1.257 117.408 0.830 44.151 0.262 -965.189
100.061 1.182 116.128 0.855 43.330 0.240 -1008.901
98.080 1.155 114.542 0.858 42.580 0.221 -1069.678
95.939 1.218 112.953 0.894 41.910 0.197 -1139.290
93.830 1.283 111.213 0.854 41.313 0.192 -1227.877
91.702 1.336 109.443 1.004 40.807 0.161 -1334.753
89.733 1.290 107.630 0.959 40.413 0.129 -1466.963
87.619 1.303 105.750 0.921 40.098 0.135 -1636.837
85.748 1.175 103.706 0.928 39.882 0.119 -1875.203
83.611 1.124 101.658 0.829 39.778 0.108 -2198.829
81.453 1.010 99.659 0.826 39.773 0.110 -2648.060
79.594 1.110 97.573 0.795 39.852 0.113 -3371.505
77.494 1.064 95.553 0.884 40.048 0.122 -4591.742
75.661 1.140 93.570 0.818 40.318 0.154 -7134.554
73.762 1.078 91.548 0.774 40.694 0.167 -16451.255
71.694 0.796 90.517 0.354 41.139 0.128 -49277.693
-nan -nan -nan -nan -nan -nan -nan
-nan -nan -nan -nan -nan -nan -nan
-nan -nan -nan -nan -nan -nan -nan
64.195 1.149 81.083 0.436 44.122 0.154 2866.475
62.887 0.989 80.144 0.660 44.911 0.285 2595.757
61.269 0.923 78.647 0.753 45.853 0.286 2256.920
59.761 0.848 77.318 0.714 46.819 0.301 2023.830
58.226 0.840 75.740 0.714 47.884 0.343 1803.762
56.665 0.905 74.210 0.640 49.109 0.358 1632.824
55.331 0.890 72.927 0.585 50.298 0.340 1513.324
53.909 0.765 71.635 0.670 51.601 0.371 1410.149
---
113.307 1.269 121.919 0.784 49.060 0.352 -840.339
111.429 1.066 120.850 1.079 47.912 0.319 -866.432
109.636 1.166 119.761 0.738 46.799 0.307 -895.064
108.054 1.534 118.599 1.293 45.813 0.299 -928.181
106.085 1.213 117.131 0.759 44.775 0.277 -974.286
103.993 1.554 115.571 1.054 43.864 0.256 -1029.354
102.118 1.285 114.204 0.892 43.044 0.249 -1083.706
99.944 1.273 112.738 0.843 42.264 0.213 -1149.497
98.168 1.304 111.127 0.989 41.614 0.199 -1232.661
96.083 1.265 109.433 0.918 41.015 0.166 -1335.410
93.955 1.272 107.612 0.885 40.509 0.151 -1468.416
91.967 1.231 105.677 0.892 40.076 0.126 -1644.216
89.840 1.146 103.813 0.965 39.782 0.122 -1860.929
87.804 1.243 101.810 0.893 39.568 0.089 -2170.875
85.645 1.087 99.701 0.801 39.450 0.080 -2636.719
83.619 1.125 97.743 0.781 39.440 0.079 -3297.586
81.596 1.074 95.544 0.842 39.523 0.087 -4599.305
79.516 1.122 93.461 0.864 39.727 0.106 -7359.905
77.607 1.201 91.619 0.709 40.011 0.141 -15729.948
75.504 0.940 90.514 0.332 40.357 0.104 -49574.370
-nan -nan -nan -nan -nan -nan -nan
-nan -nan -nan -nan -nan -nan -nan
-nan -nan -nan -nan -nan -nan -nan
68.207 0.941 80.928 0.446 43.032 0.166 2817.837
66.345 1.184 79.798 0.652 43.703 0.276 2508.495
64.732 0.988 78.373 0.743 44.545 0.281 2204.546
62.927 0.828 76.762 0.705 45.539 0.305 1940.206
61.222 0.940 75.281 0.696 46.566 0.330 1748.679
59.637 0.918 73.818 0.709 47.722 0.337 1594.281
58.112 0.836 72.483 0.702 48.814 0.364 1476.123
56.935 0.755 71.139 0.680 50.002 0.356 1374.397
55.443 0.791 69.898 0.671 51.185 0.367 1292.731
---
115.118 1.054 120.206 0.843 48.948 0.332 -883.096
113.443 1.120 119.200 0.832 47.785 0.351 -910.721
111.469 1.185 117.870 0.735 46.602 0.305 -950.440
109.799 1.184 116.597 0.877 45.521 0.302 -992.393
107.966 1.267 115.445 0.911 44.604 0.272 -1034.097
105.898 1.165 113.958 0.991 43.694 0.264 -1094.144
103.862 1.235 112.444 1.044 42.817 0.234 -1163.737
101.913 1.829 110.845 1.297 42.040 0.220 -1248.590
100.198 1.156 109.097 0.939 41.384 0.193 -1358.040
98.143 1.264 107.350 1.036 40.773 0.167 -1489.871
95.861 1.308 105.595 0.933 40.264 0.143 -1652.675
93.944 1.083 103.803 0.949 39.876 0.121 -1862.202
91.836 1.095 101.740 0.902 39.557 0.095 -2183.514
89.804 1.103 99.638 0.873 39.334 0.071 -2653.774
87.793 1.209 97.804 0.811 39.232 0.052 -3272.014
85.886 1.051 95.660 0.864 39.206 0.050 -4504.656
83.663 1.092 93.650 0.777 39.303 0.065 -6978.972
81.525 1.054 91.586 0.764 39.503 0.087 -16048.388
79.485 0.831 90.503 0.321 39.763 0.082 -50599.256
-nan -nan -nan -nan -nan -nan -nan
-nan -nan -nan -nan -nan -nan -nan
-nan -nan -nan -nan -nan -nan -nan
72.051 0.584 80.661 0.431 42.006 0.155 2738.025
69.876 0.965 79.668 0.757 42.675 0.234 2477.236
68.109 1.123 78.133 0.750 43.479 0.270 2160.614
66.257 0.988 76.536 0.732 44.367 0.269 1908.269
64.673 0.882 74.897 0.687 45.301 0.306 1705.235
62.927 0.995 73.458 0.772 46.365 0.329 1560.506
61.417 0.871 71.992 0.681 47.431 0.317 1437.197
59.856 0.944 70.596 0.722 48.576 0.333 1337.361
58.204 0.744 69.398 0.782 49.910 0.340 1262.694
56.759 0.927 68.186 0.646 51.035 0.373 1195.649
---
116.721 1.168 118.355 0.790 48.767 0.360 -935.487
114.815 1.048 117.275 0.764 47.582 0.326 -969.529
113.366 1.035 116.050 0.932 46.507 0.313 -1011.717
111.750 0.972 114.713 0.984 45.490 0.293 -1062.718
109.657 1.145 113.483 1.031 44.493 0.271 -1114.990
107.917 1.266 111.904 1.120 43.551 0.257 -1190.980
106.182 1.136 110.443 1.054 42.701 0.229 -1272.085
103.966 1.203 108.843 0.859 41.932 0.214 -1375.648
102.227 1.236 107.348 1.051 41.290 0.188 -1490.056
100.115 1.211 105.518 0.978 40.665 0.175 -1660.689
98.167 1.117 103.598 0.879 40.159 0.133 -1889.751
96.119 0.974 101.809 0.891 39.763 0.105 -2171.050
94.127 1.028 99.648 0.840 39.431 0.078 -2651.145
91.879 1.058 97.660 0.774 39.215 0.048 -3333.060
89.890 1.089 95.644 0.892 39.103 0.029 -4517.277
87.689 1.134 93.558 0.801 39.092 0.026 -7159.627
85.628 1.175 91.575 0.791 39.184 0.045 -16161.525
83.588 0.893 90.470 0.330 39.338 0.049 -54109.144
-nan -nan -nan -nan -nan -nan -nan
-nan -nan -nan -nan -nan -nan -nan
75.923 0.000 80.133 0.000 40.682 0.000 2592.660
75.637 1.086 80.656 0.499 41.232 0.153 2736.574
73.652 1.040 79.335 0.773 41.838 0.194 2400.679
71.722 0.971 77.929 0.770 42.508 0.229 2124.567
69.941 1.134 76.007 0.758 43.370 0.247 1837.482
68.119 1.008 74.527 0.770 44.237 0.270 1665.385
66.432 1.011 72.878 0.666 45.234 0.317 1509.106
64.570 0.977 71.314 0.749 46.307 0.313 1386.774
63.086 1.003 70.002 0.747 47.365 0.333 1299.193
61.491 0.916 68.685 0.749 48.510 0.326 1222.273
59.801 0.918 67.518 0.645 49.747 0.368 1161.896
58.019 0.887 66.330 0.693 51.038 0.372 1106.705
---
118.333 1.088 116.569 0.784 48.758 0.342 -993.341
116.805 1.141 115.610 0.905 47.681 0.336 -1027.877
115.142 1.297 114.349 0.849 46.529 0.327 -1077.610
113.241 1.176 112.954 0.951 45.455 0.296 -1139.233
111.613 1.240 111.457 0.981 44.495 0.271 -1214.578
109.824 1.097 110.012 0.882 43.553 0.249 -1298.279
107.751 1.178 108.585 0.914 42.698 0.231 -1394.023
105.799 1.223 106.886 0.890 41.909 0.217 -1529.564
104.100 1.183 105.258 0.927 41.239 0.180 -1688.279
101.903 1.096 103.502 0.918 40.630 0.156 -1902.978
100.063 1.246 101.516 0.976 40.130 0.136 -2225.445
98.091 1.032 99.566 0.856 39.720 0.108 -2673.591
95.860 1.074 97.716 0.815 39.410 0.077 -3309.241
94.057 1.144 95.579 0.859 39.198 0.050 -4570.304
91.903 1.102 93.479 0.844 39.083 0.019 -7320.667
89.832 1.128 91.645 0.713 39.068 0.012 -15476.627
87.863 1.027 90.484 0.306 39.119 0.020 -52569.765
-nan -nan -nan -nan -nan -nan -nan
-nan -nan -nan -nan -nan -nan -nan
-nan -nan -nan -nan -nan -nan -nan
79.627 1.205 80.666 0.551 40.603 0.138 2739.494
77.585 1.020 79.475 0.812 41.087 0.170 2432.331
75.684 1.034 77.663 0.822 41.739 0.208 2079.457
73.682 1.072 75.843 0.746 42.481 0.221 1816.648
71.857 1.038 74.123 0.808 43.323 0.251 1624.090
69.904 0.981 72.564 0.713 44.212 0.268 1482.792
68.261 1.015 70.916 0.834 45.181 0.297 1358.910
66.375 0.910 69.451 0.726 46.290 0.317 1265.785
64.640 1.074 68.096 0.645 47.395 0.334 1190.979
62.993 0.882 66.954 0.691 48.485 0.332 1134.945
61.373 0.938 65.512 0.694 49.734 0.357 1071.874
60.042 0.903 64.255 0.612 50.996 0.388 1022.887
---
119.778 1.252 114.763 0.901 48.840 0.352 -1060.704
118.322 1.230 113.536 0.945 47.674 0.311 -1112.608
116.802 1.137 112.323 0.815 46.544 0.319 -1169.736
115.095 1.242 110.873 0.859 45.484 0.293 -1246.984
113.221 1.078 109.766 0.987 44.507 0.274 -1313.795
111.595 1.178 108.092 0.934 43.617 0.253 -1430.710
109.610 1.280 106.606 0.828 42.774 0.247 -1554.639
107.863 1.126 105.100 0.828 42.007 0.216 -1705.559
105.882 1.036 103.290 0.804 41.318 0.183 -1932.787
104.028 1.015 101.325 0.849 40.710 0.163 -2262.485
102.061 1.113 99.462 0.836 40.221 0.144 -2702.773
100.157 1.081 97.655 0.876 39.823 0.108 -3335.502
97.969 1.135 95.606 0.780 39.487 0.089 -4547.916
95.925 1.032 93.651 0.909 39.281 0.056 -6977.168
94.043 1.187 91.483 0.798 39.165 0.043 -17166.984
92.185 0.986 90.454 0.373 39.114 0.020 -56103.989
-nan -nan -nan -nan -nan -nan -nan
-nan -nan -nan -nan -nan -nan -nan
85.523 0.000 81.754 0.000 39.834 0.000 3097.748
83.700 1.009 80.568 0.493 40.217 0.089 2711.096
81.469 1.045 79.194 0.712 40.625 0.145 2369.761
79.575 1.191 77.433 0.831 41.179 0.182 2041.959
77.550 1.117 75.586 0.835 41.850 0.222 1784.829
75.606 1.018 73.706 0.744 42.615 0.218 1583.543
73.769 1.135 72.151 0.761 43.395 0.250 1449.580
71.923 1.021 70.553 0.827 44.292 0.303 1334.468
69.829 1.072 68.992 0.758 45.320 0.295 1239.332
68.046 0.968 67.583 0.685 46.331 0.309 1165.099
66.391 0.894 66.250 0.699 47.396 0.329 1103.158
64.580 0.929 64.969 0.625 48.616 0.304 1050.089
62.765 0.847 63.868 0.651 49.782 0.347 1008.760
61.422 0.942 62.666 0.616 51.066 0.362 967.608
---
121.441 2.300 113.022 1.267 49.000 0.357 -1136.090
119.895 1.073 111.764 0.783 47.825 0.354 -1198.277
118.329 1.024 110.484 0.895 46.764 0.308 -1269.632
116.906 1.122 109.213 0.832 45.701 0.318 -1350.107
114.975 1.289 107.707 1.185 44.680 0.288 -1460.759
113.282 1.202 106.326 0.910 43.780 0.268 -1580.607
111.680 1.077 104.709 0.911 42.942 0.236 -1749.820
109.794 1.077 102.987 1.028 42.150 0.215 -1977.059
107.825 0.949 101.246 0.823 41.490 0.185 -2278.281
105.872 1.112 99.297 0.793 40.882 0.182 -2750.099
103.799 0.971 97.343 0.790 40.357 0.136 -3476.449
102.027 1.177 95.654 0.841 39.992 0.126 -4509.553
99.922 1.087 93.485 0.871 39.660 0.099 -7309.916
98.057 1.150 91.544 0.774 39.460 0.092 -16493.611
95.841 0.869 90.507 0.373 39.292 0.041 -50209.427
-nan -nan -nan -nan -nan -nan -nan
-nan -nan -nan -nan -nan -nan -nan
-nan -nan -nan -nan -nan -nan -nan
87.903 1.020 80.562 0.621 40.005 0.089 2709.565
85.736 1.170 79.117 0.806 40.313 0.130 2353.337
83.810 1.119 77.324 0.859 40.760 0.169 2024.718
81.628 1.017 75.292 0.808 41.370 0.191 1749.984
79.483 1.020 73.591 0.829 42.015 0.217 1572.769
77.670 1.017 71.951 0.774 42.720 0.228 1434.000
75.490 1.022 70.305 0.679 43.568 0.251 1318.338
73.646 1.028 68.703 0.745 44.467 0.274 1223.299
71.823 1.023 67.221 0.739 45.384 0.285 1147.514
69.877 1.095 65.770 0.733 46.464 0.342 1082.591
68.271 0.959 64.452 0.660 47.511 0.300 1030.207
66.510 0.963 63.186 0.698 48.707 0.330 984.918
64.733 1.048 61.929 0.729 49.897 0.369 944.197
62.881 1.011 60.964 0.622 51.202 0.378 915.393
---
122.819 1.418 111.120 1.079 49.195 0.329 -1233.077
121.562 1.032 109.912 0.928 48.115 0.366 -1304.544
119.956 1.069 108.557 0.874 46.978 0.304 -1396.115
118.354 0.991 107.307 0.874 45.943 0.295 -1493.475
116.702 1.139 105.844 0.936 44.899 0.292 -1627.313
115.011 1.204 104.416 0.892 44.010 0.299 -1784.630
113.433 1.062 102.613 0.815 43.230 0.257 -2034.742
111.619 0.936 100.865 0.784 42.427 0.234 -2357.022
109.700 0.991 99.110 0.803 41.748 0.204 -2806.179
107.729 1.052 97.271 0.873 41.134 0.175 -3510.657
105.826 1.062 95.398 0.783 40.644 0.164 -4722.486
103.899 1.038 93.511 0.790 40.249 0.143 -7254.265
102.219 1.110 91.509 0.826 39.966 0.115 -16867.171
100.234 1.056 90.471 0.349 39.700 0.081 -54019.318
-nan -nan -nan -nan -nan -nan -nan
-nan -nan -nan -nan -nan -nan -nan
-nan -nan -nan -nan -nan -nan -nan
91.693 0.948 80.570 0.551 39.997 0.077 2711.626
89.835 1.116 79.146 0.897 40.198 0.144 2359.372
87.682 1.053 77.286 0.862 40.561 0.166 2018.780
85.617 1.143 75.407 0.826 41.029 0.181 1763.394
83.680 1.048 73.497 0.763 41.599 0.190 1564.048
81.430 1.175 71.642 0.724 42.286 0.210 1410.718
79.442 1.001 69.834 0.829 43.043 0.245 1288.762
77.614 1.079 68.290 0.761 43.824 0.251 1201.083
75.640 1.063 66.746 0.719 44.709 0.246 1125.379
73.826 1.010 65.280 0.713 45.644 0.288 1062.446
71.744 1.080 63.879 0.799 46.719 0.342 1009.144
69.768 0.983 62.564 0.640 47.814 0.315 964.269
68.183 1.029 61.497 0.676 48.891 0.342 931.050
66.410 0.991 60.143 0.735 50.152 0.355 892.472
64.602 1.030 59.161 0.656 51.418 0.382 866.707
---
124.570 1.034 109.401 1.077 49.540 0.353 -1337.543
123.023 0.899 108.022 0.873 48.423 0.337 -1436.072
121.374 1.142 106.800 0.716 47.266 0.336 -1537.182
120.028 0.949 105.391 0.746 46.248 0.293 -1674.010
118.272 0.995 103.926 0.851 45.257 0.301 -1846.081
116.661 0.888 102.260 0.780 44.375 0.272 -2092.366
114.919 0.921 100.606 0.745 43.520 0.245 -2413.965
113.367 0.995 98.859 0.800 42.794 0.228 -2884.969
111.487 1.033 97.076 0.776 42.116 0.213 -3606.827
109.761 1.096 95.293 0.802 41.548 0.194 -4815.886
108.047 1.199 93.458 0.815 41.066 0.197 -7365.052
106.132 1.038 91.618 0.738 40.653 0.158 -15735.868
104.106 1.060 90.417 0.325 40.297 0.118 -61089.443
-nan -nan -nan -nan -nan -nan -nan
-nan -nan -nan -nan -nan -nan -nan
-nan -nan -nan -nan -nan -nan -nan
96.039 1.000 80.475 0.516 40.208 0.083 2684.897
93.923 1.123 79.109 0.729 40.292 0.122 2351.518
91.793 1.206 77.261 0.838 40.554 0.159 2014.896
89.815 1.205 75.275 0.797 40.937 0.173 1748.007
87.820 1.174 73.364 0.754 41.410 0.182 1551.922
85.615 1.084 71.434 0.739 41.999 0.200 1395.432
83.542 1.161 69.735 0.701 42.631 0.216 1282.785
81.605 1.021 67.920 0.797 43.390 0.256 1181.952
79.690 1.097 66.284 0.641 44.205 0.232 1104.670
77.546 1.050 64.896 0.798 45.062 0.319 1047.226
75.678 0.927 63.523 0.666 45.971 0.283 996.558
73.708 1.131 62.055 0.651 47.039 0.321 948.094
71.665 1.067 60.651 0.689 48.175 0.337 906.494
69.909 0.912 59.555 0.719 49.301 0.358 876.840
68.189 0.948 58.365 0.648 50.511 0.355 847.093
66.279 1.020 57.473 0.548 51.734 0.360 826.304
---
125.813 0.974 107.616 0.797 49.884 0.351 -1468.124
124.468 1.044 106.229 0.815 48.813 0.351 -1589.711
123.056 1.101 104.880 0.790 47.679 0.311 -1730.170
121.499 0.817 103.506 0.710 46.645 0.296 -1902.448
119.908 0.987 101.959 0.758 45.728 0.321 -2144.181
118.395 0.953 100.282 0.760 44.806 0.288 -2489.167
116.700 0.981 98.778 0.722 43.973 0.263 -2911.321
114.913 0.935 96.998 0.819 43.220 0.244 -3646.784
113.364 0.935 95.181 0.755 42.589 0.216 -4920.049
111.525 0.995 93.416 0.736 42.010 0.237 -7456.873
109.730 0.950 91.521 0.780 41.509 0.196 -16734.116
107.792 0.962 90.498 0.334 41.073 0.130 -51066.992
-nan -nan -nan -nan -nan -nan -nan
-nan -nan -nan -nan -nan -nan -nan
102.412 0.000 80.374 0.000 40.712 0.000 2656.990
100.292 2.435 81.474 6.281 40.569 0.122 2996.805
98.241 1.110 79.287 0.690 40.577 0.137 2390.070
95.981 1.079 77.287 0.859 40.747 0.169 2018.863
93.993 1.191 75.392 0.824 41.006 0.180 1761.625
91.956 1.113 73.343 0.793 41.404 0.186 1550.008
89.904 1.091 71.407 0.807 41.888 0.210 1393.453
87.658 1.093 69.663 0.766 42.428 0.218 1278.423
85.634 1.087 67.851 0.750 43.078 0.244 1178.438
83.625 1.032 66.254 0.738 43.779 0.260 1103.357
81.630 1.162 64.600 0.723 44.578 0.272 1035.839
79.592 1.128 63.119 0.677 45.492 0.278 982.664
77.599 1.026 61.695 0.678 46.424 0.304 937.016
75.650 1.140 60.310 0.651 47.432 0.317 897.026
73.714 1.045 59.080 0.646 48.476 0.365 864.668
71.761 1.025 57.866 0.694 49.624 0.366 835.314
70.042 0.951 56.691 0.628 50.837 0.367 809.069
68.224 0.917 55.714 0.635 52.079 0.359 788.718
---
127.101 0.871 105.745 0.670 50.402 0.370 -1637.368
125.878 0.816 104.674 1.215 49.237 0.364 -1753.922
124.391 0.714 103.167 0.846 48.189 0.324 -1950.523
122.846 0.818 101.568 0.740 47.128 0.325 -2215.604
121.507 0.920 99.990 0.695 46.195 0.308 -2561.251
119.804 0.911 98.401 0.639 45.269 0.303 -3041.024
118.362 0.925 96.876 0.638 44.501 0.286 -3710.967
116.639 0.973 95.084 0.748 43.763 0.278 -5013.632
114.929 1.023 93.309 0.777 43.109 0.249 -7697.085
113.237 0.980 91.494 0.723 42.530 0.234 -17045.770
111.642 0.860 90.460 0.293 42.025 0.161 -55296.349
-nan -nan -nan -nan -nan -nan -nan
-nan -nan -nan -nan -nan -nan -nan
-nan -nan -nan -nan -nan -nan -nan
104.349 0.963 80.674 0.570 41.222 0.115 2741.827
102.077 1.157 79.383 0.699 41.046 0.159 2411.539
100.037 1.104 77.537 0.795 41.108 0.180 2058.780
98.120 1.073 75.460 0.854 41.303 0.200 1769.719
95.933 1.090 73.508 0.795 41.569 0.194 1565.076
94.013 1.089 71.458 0.796 41.970 0.214 1397.181
91.861 1.209 69.640 0.825 42.427 0.241 1277.006
89.721 1.181 67.838 0.753 42.971 0.233 1177.793
87.708 1.089 66.114 0.771 43.598 0.267 1097.244
85.507 1.105 64.390 0.689 44.347 0.244 1027.912
83.805 1.145 62.956 0.710 45.075 0.267 977.190
81.508 1.130 61.395 0.722 45.959 0.316 928.002
79.719 1.118 59.863 0.700 46.930 0.316 884.947
77.520 1.111 58.562 0.673 47.950 0.325 851.834
75.635 1.085 57.356 0.601 48.965 0.318 823.662
73.617 1.025 56.129 0.658 50.148 0.398 797.203
71.864 0.889 55.122 0.715 51.302 0.374 776.983
70.068 1.076 54.109 0.626 52.498 0.375 757.880
---
128.398 1.230 104.074 0.839 50.911 0.394 -1827.034
127.155 0.796 102.550 0.736 49.762 0.348 -2044.794
125.712 0.751 101.218 0.633 48.714 0.354 -2283.813
124.435 0.901 99.675 0.667 47.756 0.369 -2643.784
122.995 1.345 98.136 0.875 46.750 0.331 -3139.392
121.575 0.808 96.546 0.706 45.939 0.302 -3897.244
119.951 0.908 94.857 0.719 45.116 0.305 -5247.960
118.501 0.866 93.218 0.708 44.425 0.246 -7914.552
116.747 1.002 91.407 0.635 43.732 0.256 -18095.908
115.315 0.814 90.492 0.332 43.164 0.171 -51754.357
-nan -nan -nan -nan -nan -nan -nan
55.028 0.000 120.991 0.000 42.546 0.000 -862.868
-nan -nan -nan -nan -nan -nan -nan
107.757 0.937 80.763 0.478 41.912 0.178 2768.006
106.002 1.149 79.489 0.783 41.733 0.221 2435.585
104.021 1.182 77.631 0.792 41.692 0.202 2074.146
102.126 1.103 75.578 0.793 41.791 0.201 1783.936
100.108 1.096 73.559 0.759 41.969 0.196 1569.780
98.197 1.119 71.693 0.827 42.230 0.234 1414.493
96.045 1.192 69.688 0.749 42.609 0.227 1279.918
94.014 1.077 67.831 0.813 43.064 0.258 1177.462
91.838 1.117 66.108 0.719 43.589 0.245 1096.982
89.820 0.999 64.336 0.732 44.237 0.269 1025.877
87.659 1.101 62.758 0.721 44.920 0.276 970.616
85.838 1.114 61.177 0.653 45.689 0.269 921.593
83.595 1.219 59.708 0.689 46.581 0.298 880.841
81.548 1.095 58.248 0.655 47.520 0.328 844.295
79.552 0.969 56.950 0.713 48.503 0.369 814.686
77.513 1.059 55.871 0.598 49.506 0.348 791.889
75.680 1.043 54.716 0.722 50.609 0.413 769.169
73.510 1.075 53.566 0.635 51.829 0.375 748.114
71.883 1.101 52.509 0.602 53.054 0.401 729.991
---
129.682 0.687 102.170 0.672 51.544 0.346 -2107.624
128.423 0.781 100.725 0.617 50.414 0.379 -2387.547
127.103 0.864 99.471 0.902 49.379 0.339 -2700.218
125.723 0.773 97.970 0.727 48.409 0.336 -3204.302
124.419 0.884 96.379 0.664 47.449 0.313 -3998.783
123.033 0.870 94.682 0.627 46.546 0.323 -5442.697
121.605 0.955 93.052 0.673 45.857 0.302 -8345.160
119.847 0.951 91.359 0.659 45.044 0.301 -18730.776
118.430 0.783 90.498 0.315 44.387 0.195 -51079.095
-nan -nan -nan -nan -nan -nan -nan
-nan -nan -nan -nan -nan -nan -nan
-nan -nan -nan -nan -nan -nan -nan
111.613 0.777 80.841 0.345 42.918 0.165 2791.304
109.812 1.145 79.729 0.643 42.589 0.227 2491.863
107.884 1.074 77.800 0.769 42.449 0.233 2102.434
105.917 1.083 75.736 0.776 42.451 0.231 1803.241
104.005 1.059 73.724 0.782 42.524 0.239 1585.283
102.091 1.035 71.773 0.821 42.711 0.241 1420.499
100.122 1.136 69.764 0.726 43.010 0.241 1284.519
97.973 1.135 67.951 0.732 43.350 0.236 1183.524
96.077 1.130 66.106 0.722 43.811 0.253 1096.912
93.869 1.112 64.456 0.719 44.294 0.264 1030.353
91.933 1.111 62.686 0.770 44.930 0.299 968.241
89.698 1.086 61.061 0.770 45.632 0.328 918.195
87.836 1.171 59.541 0.706 46.391 0.321 876.459
85.586 1.182 58.031 0.658 47.280 0.326 839.151
83.619 1.004 56.676 0.731 48.179 0.349 808.741
81.610 1.205 55.384 0.670 49.163 0.334 782.117
79.638 0.997 54.114 0.747 50.185 0.378 757.966
77.623 1.128 53.054 0.674 51.264 0.349 739.190
75.665 0.985 52.066 0.633 52.363 0.400 722.735
73.722 1.038 51.045 0.682 53.602 0.430 706.692
---
130.968 0.706 100.396 0.686 52.243 0.353 -2462.280
129.637 0.766 99.031 0.652 51.102 0.390 -2830.637
128.483 0.722 97.683 0.748 50.126 0.356 -3323.487
127.156 0.816 96.147 0.725 49.120 0.365 -4149.493
125.835 0.856 94.716 0.718 48.240 0.332 -5403.702
124.288 0.865 93.051 0.745 47.290 0.295 -8348.786
123.059 0.797 91.308 0.664 46.571 0.315 -19470.034
121.436 0.701 90.558 0.390 45.810 0.210 -45606.834
-nan -nan -nan -nan -nan -nan -nan
-nan -nan -nan -nan -nan -nan -nan
-nan -nan -nan -nan -nan -nan -nan
114.882 0.678 80.938 0.399 43.974 0.201 2820.975
113.214 1.034 79.797 0.719 43.578 0.276 2508.192
111.457 1.069 78.143 0.734 43.351 0.267 2162.436
109.634 1.062 76.127 0.771 43.253 0.235 1853.087
107.732 0.987 74.160 0.756 43.238 0.239 1627.734
105.728 1.072 72.129 0.812 43.304 0.252 1447.829
103.863 1.055 70.094 0.746 43.517 0.267 1304.941
102.116 1.072 68.209 0.801 43.780 0.271 1196.834
100.077 1.153 66.416 0.733 44.119 0.278 1110.485
97.985 1.102 64.568 0.733 44.571 0.289 1034.589
95.993 1.125 62.822 0.758 45.085 0.294 972.742
93.917 1.010 61.225 0.723 45.657 0.309 922.977
91.974 1.338 59.572 0.657 46.380 0.297 877.269
89.623 1.214 57.881 0.712 47.200 0.323 835.660
87.763 1.049 56.648 0.660 47.924 0.343 808.141
85.582 1.083 55.138 0.626 48.886 0.348 777.297
83.557 1.079 53.911 0.561 49.852 0.322 754.281
81.547 1.109 52.756 0.666 50.840 0.400 734.133
79.535 1.080 51.542 0.622 51.988 0.400 714.373
77.628 1.097 50.543 0.607 53.044 0.416 699.134
75.635 1.140 49.643 0.588 54.179 0.421 686.128
---
132.183 0.693 98.847 0.656 53.038 0.359 -2888.831
130.859 0.750 97.288 0.614 51.820 0.354 -3502.151
129.649 0.802 96.007 0.603 50.893 0.408 -4245.590
128.410 0.800 94.348 0.657 49.868 0.374 -5860.810
127.080 0.718 92.886 0.735 48.960 0.317 -8824.407
125.736 0.644 91.325 0.676 48.088 0.300 -19214.228
124.090 0.754 90.330 0.270 47.258 0.188 -77173.000
-nan -nan -nan -nan -nan -nan -nan
-nan -nan -nan -nan -nan -nan -nan
-nan -nan -nan -nan -nan -nan -nan
118.117 0.571 81.212 0.225 45.244 0.160 2908.035
116.618 1.029 80.014 0.645 44.797 0.292 2562.255
115.013 1.050 78.386 0.784 44.461 0.283 2206.908
113.321 0.984 76.500 0.766 44.238 0.272 1903.175
111.521 1.011 74.388 0.757 44.182 0.260 1650.933
109.740 0.923 72.534 0.782 44.167 0.276 1480.281
107.859 1.087 70.571 0.807 44.216 0.280 1335.686
105.943 1.054 68.613 0.833 44.398 0.289 1218.358
103.997 1.131 66.667 0.729 44.677 0.288 1121.745
102.053 1.150 64.741 0.750 45.038 0.286 1041.205
100.231 1.147 63.016 0.727 45.468 0.283 979.189
98.070 0.975 61.354 0.704 45.943 0.302 926.786
95.987 1.053 59.736 0.737 46.506 0.336 881.582
94.007 1.103 58.147 0.683 47.184 0.323 841.888
91.783 1.159 56.464 0.731 48.022 0.363 804.210
89.819 1.048 55.137 0.619 48.779 0.304 777.268
87.781 1.082 53.833 0.566 49.614 0.311 752.866
85.717 1.246 52.607 0.629 50.566 0.357 731.618
83.682 1.050 51.395 0.618 51.589 0.383 712.076
81.674 1.085 50.157 0.644 52.721 0.408 693.476
79.678 1.079 49.229 0.595 53.758 0.406 680.357
77.691 1.086 48.218 0.599 54.985 0.421 666.818
---
133.312 0.678 97.154 0.577 53.799 0.385 -3567.443
132.043 0.801 95.683 0.729 52.688 0.383 -4486.725
130.995 0.728 94.317 0.600 51.804 0.349 -5901.932
129.745 0.718 92.706 0.700 50.751 0.369 -9412.488
128.475 0.814 91.166 0.549 49.920 0.368 -21843.020
127.038 0.741 90.286 0.230 48.989 0.235 -89108.281
-nan -nan -nan -nan -nan -nan -nan
-nan -nan -nan -nan -nan -nan -nan
-nan -nan -nan -nan -nan -nan -nan
121.377 0.835 81.558 0.384 46.751 0.068 3026.360
119.986 0.848 80.166 0.572 46.168 0.288 2601.471
118.348 0.943 78.677 0.788 45.696 0.292 2262.935
116.815 0.969 76.868 0.748 45.400 0.292 1955.660
115.057 0.987 74.839 0.757 45.218 0.292 1698.805
113.198 0.953 72.843 0.768 45.118 0.298 1506.156
111.518 0.995 70.910 0.738 45.121 0.295 1358.485
109.833 1.009 69.077 0.748 45.206 0.286 1244.139
107.847 1.099 66.916 0.670 45.409 0.285 1133.187
105.976 1.125 65.141 0.712 45.645 0.288 1056.873
103.946 0.921 63.232 0.744 45.995 0.306 986.486
102.221 1.109 61.621 0.745 46.408 0.329 934.773
100.144 1.161 59.839 0.657 46.921 0.309 884.312
97.967 0.985 58.194 0.760 47.491 0.356 843.005
96.202 1.059 56.643 0.704 48.135 0.338 808.033
94.108 1.142 55.150 0.724 48.877 0.383 777.522
91.701 0.989 53.832 0.651 49.618 0.356 752.854
89.898 1.110 52.480 0.633 50.502 0.397 729.511
87.642 0.970 51.045 0.666 51.477 0.400 706.685
85.690 1.061 50.054 0.596 52.462 0.373 691.990
83.598 1.150 48.877 0.628 53.551 0.420 675.552
81.670 0.949 47.920 0.620 54.609 0.436 662.964
79.713 1.113 46.830 0.629 55.802 0.414 649.406
---
134.113 0.674 95.446 0.645 54.532 0.394 -4681.538
133.131 0.720 94.166 0.644 53.544 0.349 -6116.605
132.036 0.624 92.699 0.685 52.589 0.385 -9435.557
130.868 0.706 91.044 0.611 51.660 0.361 -24384.110
129.569 0.637 90.499 0.340 50.776 0.209 -51010.200
-nan -nan -nan -nan -nan -nan -nan
-nan -nan -nan -nan -nan -nan -nan
-nan -nan -nan -nan -nan -nan -nan
125.070 0.977 81.413 0.220 48.228 0.072 2975.567
122.894 0.776 80.380 0.509 47.554 0.310 2658.578
121.465 0.887 79.119 0.733 47.050 0.312 2353.762
119.999 0.946 77.128 0.676 46.747 0.311 1994.461
118.368 0.971 75.182 0.682 46.426 0.308 1737.206
116.803 0.832 73.373 0.731 46.258 0.285 1552.724
114.853 1.089 71.293 0.647 46.179 0.327 1385.271
113.209 1.005 69.500 0.648 46.138 0.296 1268.671
111.552 1.071 67.586 0.667 46.234 0.307 1165.220
109.657 0.853 65.673 0.690 46.382 0.300 1078.561
107.911 1.121 63.817 0.664 46.634 0.284 1006.951
105.963 1.089 61.971 0.659 46.987 0.306 945.483
104.035 1.096 60.312 0.756 47.392 0.344 897.086
102.118 1.128 58.599 0.714 47.900 0.328 852.752
100.215 1.146 56.913 0.745 48.485 0.355 813.874
97.945 1.144 55.353 0.611 49.108 0.336 781.513
95.819 1.190 53.882 0.661 49.800 0.379 753.755
93.882 1.115 52.520 0.599 50.557 0.342 730.171
91.933 1.034 51.215 0.660 51.393 0.382 709.287
89.775 1.012 49.911 0.610 52.351 0.383 689.929
87.805 1.236 48.752 0.613 53.374 0.425 673.871
85.692 1.174 47.604 0.603 54.360 0.394 658.956
83.663 1.075 46.622 0.663 55.431 0.445 646.899
81.547 1.123 45.692 0.519 56.609 0.376 636.067
---
135.208 0.651 94.061 0.544 55.512 0.393 -6273.699
134.243 0.745 92.694 0.577 54.563 0.398 -9451.403
133.119 0.728 91.137 0.585 53.514 0.437 -22389.423
131.990 0.688 90.266 0.213 52.685 0.336 -95565.825
-nan -nan -nan -nan -nan -nan -nan
-nan -nan -nan -nan -nan -nan -nan
-nan -nan -nan -nan -nan -nan -nan
-nan -nan -nan -nan -nan -nan -nan
125.821 0.810 80.688 0.528 49.152 0.335 2745.774
124.248 0.762 79.430 0.670 48.499 0.332 2422.198
123.113 0.885 77.630 0.628 48.168 0.367 2074.054
121.381 0.869 75.716 0.693 47.785 0.320 1800.772
119.960 0.807 73.798 0.724 47.518 0.329 1592.327
118.323 0.904 71.896 0.614 47.341 0.349 1429.836
116.863 0.990 70.128 0.728 47.241 0.330 1307.078
114.934 0.878 68.015 0.752 47.252 0.312 1186.838
113.322 0.930 66.194 0.734 47.333 0.325 1100.740
111.526 1.002 64.328 0.796 47.501 0.325 1025.568
109.749 1.083 62.481 0.688 47.736 0.324 961.587
108.089 1.040 60.748 0.633 48.090 0.323 909.237
106.119 1.023 59.121 0.743 48.425 0.322 865.705
104.005 1.055 57.421 0.601 48.869 0.333 825.135
102.129 1.004 55.707 0.609 49.511 0.340 788.576
100.115 1.029 54.137 0.633 50.112 0.353 758.390
97.808 1.185 52.714 0.641 50.799 0.370 733.420
95.918 1.192 51.296 0.692 51.603 0.396 710.549
93.914 1.035 49.966 0.646 52.416 0.373 690.713
91.841 1.173 48.741 0.512 53.363 0.354 673.735
89.782 1.071 47.598 0.590 54.274 0.403 658.876
87.720 0.912 46.478 0.563 55.313 0.460 645.187
85.811 1.107 45.494 0.563 56.390 0.410 633.827
83.625 1.137 44.538 0.496 57.455 0.375 623.324
---
136.350 0.718 92.524 0.569 56.491 0.420 -10087.665
135.279 0.697 91.093 0.562 55.489 0.437 -23286.608
134.351 0.439 90.379 0.267 54.694 0.278 -67174.305
-nan -nan -nan -nan -nan -nan -nan
-nan -nan -nan -nan -nan -nan -nan
-nan -nan -nan -nan -nan -nan -nan
-nan -nan -nan -nan -nan -nan -nan
128.482 0.568 80.918 0.364 50.833 0.234 2814.685
127.134 0.761 79.663 0.644 50.191 0.372 2476.024
125.819 0.787 77.963 0.752 49.715 0.333 2130.535
124.240 0.898 76.081 0.642 49.262 0.374 1847.004
122.970 0.868 74.261 0.706 48.945 0.349 1637.889
121.373 0.800 72.621 0.687 48.606 0.327 1487.470
119.999 0.858 70.542 0.751 48.536 0.336 1333.744
118.277 0.909 68.562 0.676 48.457 0.323 1215.593
116.656 0.862 66.851 0.683 48.386 0.341 1130.184
114.949 0.889 64.900 0.667 48.510 0.327 1047.370
113.228 1.070 63.018 0.689 48.671 0.345 979.252
111.487 0.951 61.311 0.718 48.846 0.371 925.508
109.701 0.977 59.555 0.689 49.194 0.363 876.837
107.792 0.917 57.842 0.645 49.542 0.343 834.741
106.098 1.020 56.273 0.691 50.022 0.361 800.201
103.926 0.992 54.593 0.648 50.532 0.329 766.860
102.034 1.077 52.993 0.578 51.257 0.368 738.155
100.207 1.168 51.686 0.606 51.804 0.387 716.642
98.053 1.088 50.316 0.577 52.625 0.396 695.786
95.948 1.056 48.910 0.552 53.464 0.381 676.001
94.053 1.040 47.594 0.595 54.392 0.415 658.824
91.859 1.238 46.402 0.627 55.400 0.364 644.296
89.737 1.156 45.361 0.562 56.299 0.421 632.327
87.806 0.952 44.496 0.591 57.268 0.410 622.879
85.858 1.019 43.346 0.465 58.520 0.428 610.955
---
137.208 0.604 91.114 0.580 57.526 0.419 -22848.440
136.052 0.548 90.346 0.208 56.456 0.258 -73502.511
-nan -nan -nan -nan -nan -nan -nan
-nan -nan -nan -nan -nan -nan -nan
-nan -nan -nan -nan -nan -nan -nan
-nan -nan -nan -nan -nan -nan -nan
130.569 0.342 80.946 0.264 52.613 0.156 2823.315
129.692 0.609 79.903 0.630 51.906 0.347 2534.345
128.231 0.829 78.219 0.714 51.352 0.377 2176.110
127.067 0.691 76.467 0.678 50.885 0.362 1898.614
125.773 0.747 74.779 0.644 50.449 0.354 1692.248
124.361 0.897 72.863 0.681 50.104 0.383 1507.837
122.931 0.881 71.041 0.603 49.852 0.374 1367.552
121.272 0.974 69.331 0.744 49.608 0.362 1258.734
119.849 0.935 67.478 0.620 49.613 0.340 1159.953
118.396 0.874 65.717 0.701 49.538 0.338 1080.372
116.834 0.953 63.795 0.679 49.664 0.333 1006.133
115.105 1.024 61.977 0.692 49.817 0.367 945.669
113.327 0.960 60.160 0.621 50.050 0.372 892.910
111.528 1.012 58.386 0.635 50.369 0.352 847.576
109.801 1.037 56.818 0.663 50.734 0.376 811.807
107.825 1.004 55.034 0.605 51.245 0.366 775.261
105.859 1.233 53.474 0.546 51.726 0.358 746.495
104.093 1.033 52.020 0.655 52.347 0.387 721.986
101.962 1.057 50.548 0.644 53.004 0.375 699.205
100.095 1.082 49.161 0.549 53.837 0.355 679.430
97.921 1.079 47.909 0.565 54.539 0.387 662.830
96.056 1.129 46.538 0.544 55.487 0.390 645.898
94.098 1.160 45.405 0.548 56.406 0.413 632.829
91.756 1.151 44.346 0.541 57.408 0.391 621.286
89.766 1.316 43.406 0.428 58.328 0.334 611.565
87.650 1.004 42.323 0.501 59.468 0.441 600.926
---
138.065 0.565 90.311 0.222 58.607 0.369 -81731.780
-nan -nan -nan -nan -nan -nan -nan
-nan -nan -nan -nan -nan -nan -nan
-nan -nan -nan -nan -nan -nan -nan
-nan -nan -nan -nan -nan -nan -nan
-nan -nan -nan -nan -nan -nan -nan
131.731 0.621 80.121 0.498 53.616 0.433 2589.590
130.841 0.711 78.704 0.651 53.115 0.398 2268.344
129.653 0.723 77.039 0.673 52.506 0.393 1981.007
128.312 0.739 75.245 0.622 52.039 0.366 1744.463
127.185 0.744 73.516 0.668 51.724 0.371 1565.809
125.734 0.794 71.795 0.616 51.319 0.394 1422.130
124.367 0.756 69.922 0.656 51.105 0.352 1294.207
122.932 0.876 68.004 0.676 50.984 0.393 1186.250
121.428 0.914 66.109 0.646 50.940 0.368 1097.061
120.053 0.787 64.480 0.761 50.857 0.362 1031.264
118.382 0.948 62.557 0.596 50.969 0.365 964.070
116.574 0.925 60.927 0.624 50.980 0.351 914.341
114.977 0.922 59.173 0.677 51.299 0.382 867.025
113.202 0.990 57.334 0.693 51.588 0.387 823.169
111.544 1.075 55.672 0.585 51.962 0.369 787.864
109.926 1.147 54.090 0.610 52.473 0.385 757.535
107.965 1.001 52.518 0.550 52.926 0.368 730.143
105.957 1.096 51.032 0.605 53.506 0.413 706.483
104.130 1.108 49.554 0.570 54.279 0.382 684.878
102.323 0.955 48.162 0.612 54.945 0.421 666.095
100.035 1.102 46.919 0.554 55.714 0.416 650.477
97.812 1.061 45.613 0.603 56.537 0.433 635.167
96.080 1.184 44.562 0.480 57.410 0.393 623.587
93.967 1.142 43.420 0.516 58.424 0.479 611.702
91.766 0.966 42.394 0.424 59.472 0.420 601.602
89.892 1.066 41.369 0.521 60.560 0.459 592.027
