phi std_phi theta std_theta rho std_rho effective thickness
---
-91.491 1.218 141.650 0.995 61.554 0.393 -566.537
-89.332 1.100 140.813 0.583 60.441 0.443 -573.223
-87.447 1.290 140.080 0.590 59.366 0.451 -579.316
-85.240 0.978 139.313 0.625 58.428 0.429 -585.932
-83.093 1.261 137.994 0.707 57.435 0.406 -597.921
-80.862 1.736 137.153 0.728 56.653 0.429 -605.997
-78.857 1.376 135.967 0.667 55.819 0.374 -617.994
-77.200 1.176 134.706 0.677 54.971 0.412 -631.581
-75.367 1.232 133.415 0.601 54.295 0.389 -646.461
-73.191 1.138 132.275 0.576 53.634 0.385 -660.484
-71.368 1.213 130.584 0.586 53.057 0.347 -682.942
-69.456 1.067 129.137 0.818 52.548 0.369 -703.920
-67.787 1.132 127.687 0.769 52.079 0.425 -726.749
-65.910 1.100 126.174 0.821 51.872 0.377 -752.740
-64.325 1.164 124.627 0.774 51.497 0.381 -781.893
-62.669 1.122 122.754 0.787 51.275 0.364 -821.218
-61.090 1.401 121.058 1.040 51.161 0.380 -861.212
-59.501 1.075 119.285 0.930 51.119 0.354 -908.291
-57.838 1.063 117.459 0.831 51.123 0.387 -963.551
-56.333 0.833 115.695 0.791 51.237 0.372 -1024.713
-54.778 1.073 113.903 0.822 51.487 0.354 -1096.541
-53.815 1.297 112.092 1.151 51.594 0.355 -1181.356
-52.219 0.942 110.540 0.877 52.020 0.411 -1266.288
-51.006 1.058 108.643 0.787 52.430 0.388 -1389.893
-49.785 0.841 107.130 0.710 52.947 0.407 -1508.454
-48.572 0.831 105.139 0.781 53.429 0.366 -1701.194
-47.505 0.667 103.630 0.612 54.075 0.398 -1885.445
-46.373 0.761 101.843 0.633 54.765 0.408 -2164.890
-45.342 0.689 100.203 0.603 55.500 0.370 -2508.250
-44.255 0.699 98.746 0.583 56.285 0.457 -2921.822
-43.207 0.630 97.183 0.532 57.260 0.417 -3553.259
-42.289 0.601 95.661 0.458 58.191 0.436 -4503.777
---
-93.148 1.241 141.098 0.559 60.541 0.373 -570.921
-91.410 1.310 140.058 0.567 59.318 0.400 -579.504
-89.482 1.600 139.272 0.795 58.322 0.409 -586.294
-87.102 1.360 138.189 0.688 57.236 0.464 -596.093
-85.001 1.257 137.267 0.627 56.315 0.427 -604.882
-82.948 2.097 136.107 1.147 55.404 0.399 -616.544
-81.118 1.251 135.082 0.698 54.581 0.436 -627.442
-79.020 1.333 133.870 0.637 53.844 0.348 -641.099
-77.247 1.226 132.429 0.837 53.067 0.438 -658.543
-75.395 1.490 131.267 0.759 52.466 0.346 -673.619
-73.230 1.332 129.863 0.782 51.827 0.356 -693.187
-71.473 1.668 128.191 0.704 51.299 0.347 -718.607
-69.690 1.233 126.695 0.729 50.814 0.374 -743.527
-67.715 1.147 125.176 0.747 50.529 0.386 -771.237
-65.911 1.475 123.477 0.864 50.232 0.320 -805.480
-64.303 1.183 121.748 0.780 49.980 0.358 -844.376
-62.611 1.100 120.211 0.882 49.883 0.367 -882.972
-61.036 1.192 118.466 0.836 49.818 0.372 -932.165
-59.486 1.006 116.494 0.765 49.743 0.366 -995.954
-57.771 0.991 114.759 0.746 49.948 0.343 -1060.875
-56.594 1.097 113.026 0.825 50.049 0.366 -1135.896
-54.657 0.979 111.365 0.866 50.515 0.354 -1219.560
-53.655 0.952 109.353 0.852 50.760 0.345 -1340.729
-52.488 0.991 107.531 0.847 51.149 0.364 -1474.986
-51.051 0.905 106.020 0.764 51.639 0.395 -1609.960
-49.958 0.794 104.193 0.835 52.201 0.398 -1812.100
-48.586 0.650 102.372 0.707 52.860 0.369 -2073.612
-47.519 0.668 100.871 0.624 53.586 0.359 -2355.848
-46.368 0.670 98.961 0.713 54.333 0.377 -2852.383
-45.421 0.649 97.490 0.556 55.165 0.435 -3408.425
-44.284 0.699 95.847 0.577 56.067 0.461 -4361.018
-43.380 0.690 94.369 0.635 56.979 0.336 -5832.498
---
-95.859 1.144 139.827 0.715 59.430 0.457 -581.471
-93.751 1.164 139.271 0.536 58.437 0.395 -586.303
-91.275 1.316 138.374 0.753 57.291 0.434 -594.381
-89.439 1.218 137.336 0.508 56.262 0.406 -604.205
-86.935 1.286 136.488 0.543 55.313 0.380 -612.637
-85.309 1.286 135.358 0.668 54.315 0.454 -624.442
-83.192 1.295 134.195 0.786 53.499 0.396 -637.349
-81.242 1.150 132.993 0.776 52.686 0.364 -651.557
-78.897 1.332 131.505 0.755 51.879 0.398 -670.457
-77.117 1.022 130.498 0.767 51.323 0.391 -684.146
-75.091 1.164 128.815 0.843 50.671 0.338 -708.834
-73.129 1.122 127.220 0.826 50.102 0.365 -734.529
-71.484 1.171 125.725 0.903 49.667 0.348 -760.928
-69.779 1.211 124.290 0.733 49.268 0.369 -788.621
-67.830 1.140 122.632 0.765 49.013 0.367 -823.946
-65.956 1.263 121.042 0.991 48.879 0.359 -861.592
-64.399 1.065 118.998 0.842 48.626 0.325 -916.495
-62.244 1.350 117.304 0.889 48.647 0.333 -968.598
-61.102 1.071 115.549 0.877 48.619 0.334 -1030.189
-59.593 0.982 113.536 0.923 48.679 0.332 -1112.648
-57.911 0.883 111.934 0.889 48.914 0.333 -1189.462
-56.522 0.956 110.099 0.817 49.190 0.371 -1292.917
-54.935 1.120 108.068 0.876 49.615 0.347 -1432.550
-53.592 1.087 106.328 0.919 50.048 0.361 -1580.382
-52.363 0.809 104.686 0.734 50.479 0.380 -1752.535
-51.198 0.751 102.809 0.693 51.021 0.379 -2004.104
-49.948 0.655 101.072 0.617 51.657 0.347 -2313.556
-48.676 0.664 99.196 0.615 52.490 0.400 -2780.253
-47.546 0.711 97.802 0.617 53.161 0.348 -3272.880
-46.365 0.654 96.051 0.611 54.047 0.401 -4214.735
-45.215 0.708 94.567 0.616 55.087 0.383 -5579.886
-44.372 0.710 92.964 0.580 55.890 0.414 -8592.030
---
-97.719 1.315 138.872 0.518 58.506 0.431 -589.854
-95.768 1.276 138.209 0.593 57.463 0.416 -595.912
-93.575 1.266 137.472 0.589 56.390 0.374 -602.892
-91.294 1.415 136.450 0.798 55.238 0.372 -613.024
-89.472 1.527 135.477 0.779 54.289 0.387 -623.164
-87.235 1.232 134.323 0.682 53.289 0.421 -635.891
-85.245 1.167 133.287 0.716 52.451 0.418 -647.992
-82.887 1.252 132.110 0.688 51.643 0.368 -662.581
-81.296 1.109 130.756 0.720 50.895 0.358 -680.572
-79.156 1.334 129.383 0.781 50.174 0.334 -700.230
-77.179 1.442 127.920 0.748 49.569 0.314 -722.950
-75.168 1.162 126.481 0.814 49.045 0.360 -747.275
-73.270 1.164 124.763 0.877 48.558 0.321 -779.231
-71.186 1.121 123.171 0.748 48.219 0.311 -812.032
-69.483 1.290 121.348 0.760 47.855 0.338 -854.033
-67.591 1.217 119.620 0.952 47.620 0.326 -898.959
-66.092 1.146 118.005 0.854 47.533 0.343 -946.223
-64.172 1.098 116.114 0.886 47.476 0.321 -1009.405
-62.777 1.068 114.290 0.851 47.440 0.313 -1080.105
-61.062 1.198 112.283 0.858 47.519 0.345 -1171.715
-59.506 0.956 110.582 0.817 47.733 0.343 -1263.826
-58.082 1.224 108.764 0.815 48.070 0.325 -1381.230
-56.370 1.052 106.978 0.843 48.468 0.354 -1521.532
-54.916 0.856 105.074 0.705 48.863 0.357 -1708.465
-53.810 0.823 103.316 0.766 49.389 0.354 -1929.104
-52.205 0.877 101.552 0.629 50.044 0.379 -2218.711
-51.002 0.759 99.588 0.653 50.631 0.387 -2667.491
-49.789 0.780 97.985 0.605 51.378 0.347 -3198.194
-48.719 0.771 96.338 0.652 52.163 0.359 -4024.483
-47.516 0.700 94.662 0.649 53.025 0.371 -5466.660
-46.425 0.663 92.930 0.603 53.975 0.369 -8691.715
-45.338 0.667 91.517 0.590 54.891 0.362 -16777.772
---
-99.503 1.163 137.895 0.662 57.718 0.398 -598.851
-97.487 1.533 137.106 1.039 56.500 0.441 -606.460
-95.428 1.166 136.291 0.771 55.377 0.402 -614.648
-93.346 1.352 135.301 0.741 54.253 0.460 -625.065
-91.645 1.196 134.418 0.742 53.297 0.382 -634.812
-89.368 1.436 133.332 1.129 52.322 0.391 -647.450
-87.352 1.275 132.202 0.787 51.488 0.367 -661.414
-85.360 1.236 131.005 0.784 50.627 0.379 -677.154
-83.361 1.365 129.633 0.638 49.809 0.332 -696.534
-80.966 1.294 128.341 0.738 49.213 0.378 -716.216
-79.190 1.366 126.882 0.736 48.496 0.325 -740.290
-76.954 1.326 125.226 0.940 47.954 0.340 -770.278
-75.150 1.166 123.596 0.810 47.493 0.315 -802.958
-73.186 1.278 122.055 0.822 47.105 0.305 -837.145
-71.280 1.137 120.180 0.804 46.731 0.304 -883.796
-69.395 1.273 118.643 0.811 46.560 0.309 -926.876
-67.621 1.526 116.821 0.881 46.435 0.335 -984.694
-65.938 1.178 114.865 0.900 46.320 0.303 -1056.646
-64.281 1.205 113.068 0.955 46.406 0.305 -1133.950
-62.490 1.070 111.191 0.872 46.522 0.310 -1229.120
-60.880 1.088 109.388 0.986 46.717 0.315 -1338.424
-59.306 1.304 107.467 1.105 46.990 0.313 -1480.238
-57.949 0.910 105.631 0.847 47.334 0.325 -1648.921
-56.401 0.966 103.840 0.938 47.806 0.340 -1857.296
-55.037 0.810 101.794 0.688 48.268 0.346 -2173.661
-53.689 0.734 100.098 0.712 48.934 0.358 -2533.937
-52.471 0.747 98.097 0.671 49.614 0.335 -3154.412
-51.092 0.813 96.480 0.599 50.339 0.358 -3936.688
-49.805 0.783 94.699 0.636 51.158 0.376 -5423.211
-48.728 0.786 93.240 0.623 51.978 0.389 -7860.571
-47.537 0.712 91.506 0.576 52.971 0.403 -16907.367
-46.281 0.607 90.546 0.337 53.985 0.348 -46662.527
---
-101.836 1.326 136.855 0.626 56.822 0.342 -608.944
-99.165 1.598 136.041 1.095 55.630 0.337 -617.225
-97.649 1.259 135.164 0.651 54.492 0.395 -626.539
-95.570 1.275 134.214 0.801 53.464 0.388 -637.133
-93.414 1.231 133.237 0.734 52.345 0.398 -648.595
-91.478 1.270 132.098 0.902 51.380 0.343 -662.740
-89.457 1.111 130.975 0.758 50.448 0.381 -677.566
-87.312 1.233 129.695 0.770 49.585 0.372 -695.635
-85.222 1.315 128.531 0.817 48.887 0.369 -713.226
-83.330 1.216 127.170 0.689 48.147 0.311 -735.374
-81.017 1.297 125.733 0.949 47.508 0.305 -760.780
-79.123 1.076 124.101 0.762 46.933 0.315 -792.460
-77.127 1.213 122.554 0.841 46.454 0.286 -825.703
-75.412 1.115 120.700 1.132 46.032 0.309 -870.246
-73.296 1.150 119.052 0.742 45.732 0.285 -914.957
-71.402 1.198 117.132 0.829 45.462 0.316 -974.237
-69.586 1.237 115.496 1.034 45.345 0.301 -1032.173
-67.628 1.218 113.533 0.929 45.338 0.295 -1112.768
-65.817 1.250 111.725 1.015 45.314 0.309 -1200.341
-64.146 1.064 109.811 0.903 45.498 0.259 -1310.947
-62.823 1.124 108.026 1.026 45.647 0.312 -1435.760
-60.898 1.052 106.123 0.824 45.918 0.323 -1599.950
-59.573 0.924 104.151 0.844 46.303 0.326 -1817.279
-57.789 0.813 102.300 0.734 46.810 0.305 -2085.603
-56.473 0.793 100.206 0.700 47.291 0.323 -2507.615
-54.942 0.819 98.673 0.665 47.920 0.302 -2946.306
-53.723 0.826 97.070 2.756 48.575 0.326 -3609.557
-52.353 0.916 94.891 0.608 49.407 0.366 -5211.592
-51.094 0.833 93.271 0.638 50.211 0.388 -7787.493
-49.808 0.691 91.658 0.605 51.174 0.372 -15358.895
-48.658 0.824 90.558 0.375 51.992 0.402 -45646.462
-nan -nan -nan -nan -nan -nan -nan
---
-103.543 1.074 135.681 0.755 56.034 0.398 -621.000
-101.228 1.195 134.920 0.665 54.921 0.463 -629.209
-99.389 1.335 133.974 0.687 53.723 0.415 -639.896
-97.408 1.304 133.097 0.805 52.601 0.369 -650.289
-95.388 1.176 131.970 0.960 51.510 0.393 -664.388
-93.597 1.315 131.068 0.684 50.606 0.368 -676.304
-91.463 1.523 129.821 0.717 49.629 0.374 -693.799
-89.403 1.268 128.587 0.675 48.743 0.346 -712.366
-87.144 1.305 127.272 0.727 47.951 0.322 -733.652
-85.198 1.156 125.938 0.739 47.254 0.335 -757.009
-83.188 1.263 124.475 0.781 46.564 0.293 -784.924
-81.188 1.253 122.824 0.820 46.005 0.287 -819.660
-79.022 1.182 121.107 0.845 45.497 0.278 -859.977
-77.062 1.146 119.544 0.904 45.093 0.309 -901.039
-75.245 1.269 117.864 1.077 44.789 0.293 -950.619
-73.270 1.009 115.755 0.968 44.454 0.261 -1022.517
-71.547 1.482 114.061 1.020 44.393 0.278 -1089.728
-69.493 1.210 112.303 0.969 44.331 0.269 -1170.750
-67.758 1.126 110.334 0.870 44.365 0.271 -1278.599
-65.981 1.148 108.533 0.913 44.476 0.301 -1397.820
-64.255 1.275 106.612 0.958 44.662 0.302 -1554.097
-62.612 1.049 104.567 0.828 44.946 0.303 -1766.481
-61.010 0.957 102.509 0.749 45.365 0.286 -2051.358
-59.530 0.875 100.784 0.877 45.793 0.289 -2374.673
-57.930 0.816 98.877 0.713 46.390 0.277 -2879.170
-56.399 0.798 96.925 0.702 47.052 0.287 -3684.786
-54.976 0.737 95.214 0.765 47.688 0.284 -4888.868
-53.777 0.843 93.475 0.646 48.459 0.365 -7331.075
-52.346 0.818 91.793 0.625 49.407 0.371 -14196.347
-51.161 0.937 90.471 0.409 50.188 0.399 -54043.797
-nan -nan -nan -nan -nan -nan -nan
-nan -nan -nan -nan -nan -nan -nan
---
-105.455 1.389 134.263 0.887 55.299 0.398 -636.576
-103.554 1.230 133.696 0.706 54.184 0.403 -643.137
-101.624 1.207 132.655 0.737 52.949 0.364 -655.720
-99.946 1.144 131.829 0.651 51.864 0.313 -666.204
-97.649 1.355 130.808 0.749 50.732 0.371 -679.854
-95.647 1.267 129.724 0.786 49.725 0.344 -695.208
-93.506 1.041 128.361 0.778 48.739 0.351 -715.907
-91.406 1.298 127.264 0.690 47.885 0.338 -733.785
-89.303 1.322 125.956 0.702 47.083 0.329 -756.696
-87.335 1.170 124.531 0.795 46.353 0.303 -783.810
-85.351 1.255 123.075 0.755 45.719 0.279 -814.124
-83.219 1.608 121.456 1.313 45.095 0.269 -851.397
-81.166 1.226 119.888 0.881 44.623 0.288 -891.629
-79.091 1.268 118.158 0.850 44.219 0.266 -941.505
-77.203 1.293 116.385 0.841 43.859 0.249 -999.765
-75.157 1.247 114.576 0.836 43.622 0.251 -1068.277
-73.309 1.415 112.666 0.806 43.484 0.243 -1152.969
-71.295 1.138 110.843 0.961 43.427 0.236 -1248.732
-69.491 1.187 108.973 1.067 43.466 0.263 -1366.566
-67.895 1.127 106.985 0.862 43.560 0.271 -1520.963
-66.057 1.088 105.082 0.911 43.754 0.240 -1707.505
-64.364 0.928 103.099 0.930 44.022 0.264 -1960.473
-62.693 0.886 100.909 0.717 44.441 0.270 -2347.792
-60.812 0.916 99.010 0.736 44.972 0.279 -2837.110
-59.483 0.868 97.319 0.703 45.524 0.319 -3487.763
-57.924 0.921 95.316 0.737 46.203 0.312 -4795.914
-56.402 0.953 93.572 0.701 46.883 0.326 -7131.017
-55.048 0.819 91.720 0.674 47.659 0.333 -14799.097
-53.453 0.888 90.457 0.377 48.574 0.374 -55651.956
-nan -nan -nan -nan -nan -nan -nan
-nan -nan -nan -nan -nan -nan -nan
-nan -nan -nan -nan -nan -nan -nan
---
-107.497 1.176 132.993 0.716 54.729 0.410 -651.550
-105.825 1.003 132.185 0.784 53.401 0.403 -661.632
-103.622 1.254 131.334 0.655 52.314 0.412 -672.723
-101.492 1.167 130.509 0.683 51.170 0.396 -684.000
-99.576 1.247 129.321 0.694 49.972 0.383 -701.154
-97.509 1.201 128.439 0.712 49.030 0.318 -714.674
-95.792 1.209 127.057 0.690 48.019 0.335 -737.294
-93.579 1.327 125.819 0.778 47.147 0.329 -759.191
-91.462 1.385 124.753 1.181 46.363 0.292 -779.414
-89.443 1.289 123.191 0.769 45.585 0.284 -811.607
-87.209 1.226 121.640 0.914 44.908 0.291 -846.956
-85.327 1.288 120.056 0.869 44.299 0.275 -887.088
-83.137 1.234 118.290 0.877 43.793 0.267 -937.482
-80.997 1.424 116.624 0.881 43.368 0.235 -991.442
-79.140 1.147 114.894 0.869 43.046 0.229 -1055.510
-77.163 1.235 113.110 0.981 42.794 0.239 -1131.998
-75.157 1.257 111.298 1.266 42.647 0.240 -1223.210
-73.398 1.103 109.224 0.979 42.573 0.230 -1349.414
-71.176 1.124 107.356 0.883 42.631 0.227 -1489.363
-69.448 1.674 105.553 2.497 42.731 0.243 -1657.023
-67.712 1.147 103.368 0.841 42.961 0.257 -1921.733
-66.008 1.019 101.346 0.850 43.260 0.236 -2258.399
-64.281 1.023 99.271 0.713 43.648 0.272 -2757.927
-62.641 0.926 97.463 0.740 44.117 0.266 -3420.578
-61.030 0.859 95.458 0.791 44.703 0.267 -4671.531
-59.443 0.934 93.593 0.726 45.365 0.299 -7089.236
-57.953 0.887 91.855 0.708 46.107 0.303 -13728.498
-56.502 0.840 90.660 0.469 46.848 0.280 -38546.300
-nan -nan -nan -nan -nan -nan -nan
-nan -nan -nan -nan -nan -nan -nan
-nan -nan -nan -nan -nan -nan -nan
-nan -nan -nan -nan -nan -nan -nan
---
-109.229 1.467 131.544 0.595 54.068 0.392 -669.940
-107.610 1.034 130.928 0.740 52.911 0.432 -678.210
-105.717 2.020 130.103 1.013 51.623 0.377 -689.725
-103.665 1.478 129.005 0.781 50.446 0.359 -705.920
-101.745 1.309 127.968 0.793 49.393 0.325 -722.175
-99.618 1.017 126.811 0.732 48.381 0.312 -741.516
-97.918 1.142 125.879 0.830 47.499 0.292 -758.098
-95.570 1.284 124.396 0.723 46.451 0.289 -786.507
-93.494 1.076 122.952 0.738 45.608 0.283 -816.826
-91.556 1.348 121.725 0.788 44.873 0.281 -844.939
-89.388 1.569 120.208 0.926 44.218 0.263 -883.055
-87.376 1.189 118.432 0.941 43.542 0.258 -933.166
-85.184 1.235 116.921 0.831 43.073 0.246 -981.306
-83.212 1.188 115.088 0.975 42.613 0.241 -1047.869
-81.005 1.404 113.367 1.352 42.312 0.226 -1120.223
-79.004 1.273 111.517 1.186 42.058 0.217 -1211.377
-77.239 1.195 109.560 0.943 41.887 0.212 -1327.057
-75.148 1.379 107.646 0.864 41.856 0.215 -1465.668
-73.433 1.109 105.676 0.982 41.838 0.218 -1644.307
-71.539 1.076 103.733 0.859 41.945 0.203 -1871.493
-69.479 0.942 101.646 0.844 42.194 0.199 -2200.906
-67.689 0.940 99.655 0.754 42.523 0.216 -2649.023
-66.031 1.056 97.617 0.771 42.912 0.247 -3351.952
-64.268 0.965 95.702 0.719 43.415 0.279 -4472.101
-62.651 0.897 93.852 0.824 43.984 0.238 -6613.421
-60.908 0.957 91.923 0.752 44.657 0.265 -13237.058
-59.422 0.812 90.656 0.452 45.381 0.303 -38798.214
-nan -nan -nan -nan -nan -nan -nan
-nan -nan -nan -nan -nan -nan -nan
-nan -nan -nan -nan -nan -nan -nan
-nan -nan -nan -nan -nan -nan -nan
-52.573 0.827 81.127 0.312 50.144 0.291 2880.569
---
-111.274 1.142 130.172 0.696 53.547 0.411 -688.753
-109.137 1.146 129.466 0.724 52.333 0.379 -699.007
-107.463 1.239 128.652 0.754 51.150 0.388 -711.352
-105.587 1.218 127.662 0.717 49.998 0.350 -727.171
-103.743 1.429 126.397 0.725 48.816 0.293 -748.762
-101.621 1.364 125.417 0.747 47.761 0.310 -766.663
-99.578 1.306 124.226 0.702 46.802 0.312 -789.927
-97.342 1.224 122.986 0.741 45.880 0.292 -816.071
-95.513 1.072 121.579 0.871 45.025 0.303 -848.430
-93.614 1.233 120.103 0.929 44.258 0.280 -885.834
-91.524 1.272 118.469 1.226 43.581 0.258 -932.056
-89.308 1.273 116.769 0.949 42.924 0.249 -986.485
-87.233 1.367 115.242 1.103 42.399 0.215 -1041.868
-85.246 1.184 113.521 0.951 41.971 0.206 -1113.279
-83.376 1.342 111.710 1.107 41.636 0.203 -1201.121
-81.181 1.144 109.864 1.005 41.361 0.178 -1307.590
-78.892 1.291 107.907 0.936 41.236 0.169 -1445.021
-77.018 1.431 105.926 0.977 41.170 0.175 -1619.171
-75.225 1.179 104.059 1.173 41.184 0.184 -1828.950
-73.270 1.092 101.790 0.839 41.299 0.177 -2174.509
-71.430 1.124 99.870 0.879 41.538 0.187 -2591.941
-69.601 1.029 97.841 0.782 41.832 0.213 -3256.628
-67.690 1.033 95.716 0.829 42.293 0.230 -4461.195
-65.992 1.018 93.884 0.773 42.767 0.239 -6559.650
-64.218 1.005 91.964 0.782 43.387 0.257 -12962.946
-62.730 0.912 90.575 0.390 44.004 0.284 -44249.891
-nan -nan -nan -nan -nan -nan -nan
-nan -nan -nan -nan -nan -nan -nan
-nan -nan -nan -nan -nan -nan -nan
-nan -nan -nan -nan -nan -nan -nan
-54.845 0.701 80.962 0.344 48.610 0.331 2828.463
-53.782 0.865 79.982 0.618 49.599 0.367 2554.156
---
-113.132 1.147 128.688 0.765 53.133 0.399 -710.787
-110.926 1.208 127.976 0.742 51.876 0.392 -722.058
-109.469 1.218 126.919 0.729 50.611 0.311 -739.654
-107.568 1.171 126.039 1.067 49.455 0.354 -755.183
-105.483 1.167 124.947 0.843 48.384 0.362 -775.641
-103.484 1.115 123.739 0.835 47.267 0.331 -799.941
-101.765 1.156 122.542 0.698 46.298 0.307 -825.954
-99.691 1.444 121.225 0.789 45.349 0.292 -857.071
-97.669 1.317 119.856 0.837 44.471 0.268 -892.483
-95.473 1.278 118.480 0.863 43.734 0.260 -931.733
-93.574 1.269 116.854 0.903 42.982 0.253 -983.566
-91.428 1.238 115.221 0.846 42.363 0.215 -1042.672
-89.343 1.337 113.493 0.892 41.835 0.209 -1114.538
-87.329 1.347 111.781 0.960 41.396 0.202 -1197.367
-85.195 1.142 110.026 0.925 41.067 0.175 -1297.421
-83.263 1.170 108.012 0.903 40.802 0.175 -1436.868
-81.361 1.332 106.090 0.935 40.620 0.159 -1603.153
-79.016 1.180 104.061 0.873 40.560 0.150 -1828.760
-77.112 0.975 102.020 0.868 40.594 0.161 -2133.521
-75.269 1.031 100.017 0.813 40.709 0.158 -2554.213
-73.209 0.982 98.008 0.789 40.963 0.174 -3189.246
-71.456 1.079 95.936 0.812 41.291 0.205 -4296.378
-69.554 0.943 94.000 0.791 41.686 0.199 -6369.940
-67.674 1.018 92.018 0.827 42.218 0.205 -12615.576
-66.088 0.909 90.654 0.473 42.746 0.230 -38916.582
-64.479 0.000 90.036 0.000 43.392 0.000 -705046.850
-nan -nan -nan -nan -nan -nan -nan
-nan -nan -nan -nan -nan -nan -nan
-nan -nan -nan -nan -nan -nan -nan
-58.055 0.910 80.594 0.503 47.041 0.282 2718.722
-56.441 0.858 79.707 0.659 48.005 0.341 2486.649
-55.140 0.783 78.305 0.621 49.094 0.352 2191.972
---
-114.726 1.254 127.002 0.892 52.711 0.376 -738.235
-112.542 1.148 126.245 0.863 51.434 0.402 -751.471
-110.995 1.105 125.360 0.724 50.217 0.367 -767.747
-109.429 1.215 124.424 0.777 49.055 0.364 -785.941
-107.449 1.226 123.349 0.847 47.936 0.309 -808.199
-105.315 1.222 122.194 0.873 46.851 0.321 -833.922
-103.537 1.198 120.997 0.887 45.889 0.295 -862.724
-101.516 1.120 119.758 0.844 44.934 0.308 -895.167
-99.798 1.295 118.187 0.905 44.062 0.268 -940.623
-97.758 1.267 116.615 0.808 43.223 0.218 -991.755
-95.598 1.175 115.189 0.905 42.552 0.243 -1043.941
-93.300 1.215 113.551 0.854 41.925 0.209 -1111.962
-91.306 1.244 111.875 1.022 41.391 0.199 -1192.505
-89.202 1.193 110.148 0.908 40.947 0.158 -1289.904
-87.391 1.260 108.054 0.985 40.562 0.164 -1433.611
-85.331 1.293 106.281 0.836 40.309 0.146 -1584.849
-83.254 1.184 104.295 0.929 40.130 0.138 -1799.359
-81.204 1.063 102.353 0.811 40.081 0.130 -2076.826
-79.028 1.032 100.289 0.876 40.121 0.129 -2487.558
-77.177 1.148 98.198 0.868 40.231 0.145 -3115.778
-75.264 1.035 96.043 0.819 40.464 0.146 -4220.219
-73.324 1.014 93.976 0.798 40.788 0.169 -6407.762
-71.384 0.983 92.037 0.820 41.207 0.170 -12497.180
-69.554 1.086 90.710 0.499 41.694 0.188 -35863.121
-68.279 0.000 90.011 0.000 42.229 0.000 -2353349.012
-nan -nan -nan -nan -nan -nan -nan
-nan -nan -nan -nan -nan -nan -nan
-62.417 0.396 81.424 0.718 44.780 0.162 2979.391
-60.743 1.005 80.464 0.501 45.635 0.311 2682.019
-59.474 0.855 79.515 0.698 46.537 0.323 2441.471
-57.966 0.942 77.891 0.609 47.572 0.347 2118.061
-56.510 0.846 76.508 0.643 48.703 0.362 1904.312
---
-116.431 1.087 125.586 0.710 52.561 0.356 -763.502
-114.702 1.150 124.607 0.857 51.132 0.365 -782.300
-113.179 1.147 123.705 0.828 49.947 0.353 -800.669
-111.068 1.117 122.767 0.805 48.692 0.365 -820.916
-109.246 1.151 121.784 0.819 47.625 0.330 -843.528
-107.480 1.278 120.314 0.877 46.487 0.317 -880.266
-105.589 1.212 119.329 0.777 45.558 0.284 -907.062
-103.642 1.140 117.790 0.923 44.572 0.283 -952.972
-101.516 1.303 116.474 0.875 43.684 0.235 -996.643
-99.754 1.212 114.983 0.924 42.895 0.240 -1051.987
-97.463 1.287 113.406 0.959 42.173 0.218 -1118.441
-95.657 1.268 111.556 1.107 41.526 0.203 -1209.252
-93.590 1.376 109.917 0.940 40.982 0.174 -1304.224
-91.430 1.329 108.204 1.012 40.531 0.162 -1422.174
-89.356 1.197 106.358 0.955 40.183 0.135 -1577.572
-87.286 1.198 104.437 1.310 39.902 0.117 -1782.125
-85.162 1.061 102.372 0.902 39.738 0.102 -2073.647
-83.299 1.129 100.196 0.825 39.662 0.101 -2509.997
-81.196 1.105 98.205 0.820 39.692 0.105 -3113.237
-79.231 1.097 96.195 0.849 39.841 0.109 -4117.480
-77.234 1.002 94.195 0.832 40.069 0.124 -6074.354
-75.159 1.035 92.074 0.762 40.404 0.151 -12273.943
-73.180 1.039 90.743 0.510 40.832 0.185 -34250.755
-72.539 0.000 90.043 0.000 41.260 0.000 -594722.991
-nan -nan -nan -nan -nan -nan -nan
-nan -nan -nan -nan -nan -nan -nan
-65.478 0.842 81.191 0.153 43.626 0.109 2901.389
-64.440 0.945 80.290 0.551 44.316 0.266 2634.374
-62.636 0.860 79.080 0.753 45.200 0.288 2345.386
-61.189 0.912 77.619 0.717 46.125 0.316 2072.201
-59.518 0.891 76.084 0.706 47.219 0.329 1847.425
-57.886 0.676 74.612 0.662 48.379 0.322 1674.348
---
-117.810 0.948 124.126 1.768 52.226 0.355 -791.959
-116.375 1.129 123.047 0.712 50.944 0.346 -814.742
-114.584 1.128 122.014 0.873 49.668 0.372 -838.101
-112.617 1.039 121.056 0.860 48.445 0.369 -861.259
-111.258 1.041 119.831 0.922 47.338 0.317 -893.155
-109.217 1.100 118.784 0.775 46.296 0.307 -922.735
-107.556 1.128 117.508 0.793 45.260 0.299 -961.970
-105.443 1.021 116.098 0.812 44.290 0.260 -1009.985
-103.545 1.221 114.688 0.924 43.427 0.256 -1063.739
-101.717 1.249 113.132 0.940 42.635 0.233 -1130.962
-99.511 1.232 111.362 1.077 41.854 0.200 -1219.723
-97.480 1.486 109.859 1.009 41.255 0.193 -1307.880
-95.561 1.175 108.247 1.189 40.703 0.153 -1418.966
-93.593 1.758 106.535 2.456 40.254 0.147 -1561.134
-91.414 1.133 104.354 0.899 39.869 0.117 -1792.115
-89.511 1.164 102.268 0.878 39.596 0.101 -2091.028
-87.213 1.154 100.262 0.818 39.431 0.078 -2493.941
-85.034 1.120 98.273 0.790 39.373 0.073 -3087.906
-83.244 1.117 96.278 0.893 39.405 0.076 -4062.741
-81.127 1.114 94.138 0.828 39.537 0.089 -6157.173
-79.274 1.140 92.280 0.843 39.769 0.116 -11169.972
-77.214 1.051 90.723 0.484 40.082 0.123 -35190.517
-nan -nan -nan -nan -nan -nan -nan
-nan -nan -nan -nan -nan -nan -nan
-nan -nan -nan -nan -nan -nan -nan
-69.559 0.448 81.044 0.249 42.556 0.082 2854.031
-67.650 0.996 80.298 0.583 43.223 0.238 2636.514
-66.044 0.970 78.816 0.806 44.009 0.258 2290.626
-64.170 0.942 77.149 0.697 44.983 0.280 1997.567
-62.618 0.961 75.687 0.676 45.942 0.299 1797.145
-60.898 0.823 74.168 0.688 47.000 0.312 1628.523
-59.365 0.869 72.830 0.684 48.138 0.346 1505.051
---
-119.581 1.126 122.233 0.692 52.067 0.378 -833.022
-117.966 1.077 121.351 0.898 50.781 0.358 -853.976
-116.460 1.023 120.242 0.920 49.516 0.369 -882.159
-114.733 1.218 119.252 0.861 48.311 0.354 -909.236
-112.902 1.140 118.137 0.814 47.191 0.332 -942.145
-111.185 1.102 116.858 0.958 46.039 0.320 -983.447
-109.197 1.081 115.673 0.920 45.050 0.301 -1025.554
-107.341 1.196 114.291 0.955 44.118 0.275 -1080.067
-105.524 1.177 112.767 0.906 43.233 0.250 -1148.088
-103.591 1.313 111.283 0.896 42.438 0.220 -1224.049
-101.743 1.272 109.435 0.976 41.686 0.212 -1335.321
-99.669 1.237 107.948 0.900 41.072 0.170 -1441.828
-97.591 1.264 105.988 0.860 40.483 0.141 -1613.077
-95.684 1.225 104.159 0.904 40.017 0.125 -1816.360
-93.558 1.011 102.311 0.884 39.675 0.103 -2083.772
-91.468 1.061 100.347 0.830 39.407 0.075 -2473.603
-89.335 1.052 98.393 0.811 39.242 0.053 -3043.844
-87.256 1.129 96.282 0.842 39.171 0.043 -4060.103
-85.244 1.121 94.328 0.888 39.204 0.046 -5887.702
-83.237 1.078 92.129 0.791 39.336 0.067 -11960.845
-81.104 1.033 90.870 0.527 39.556 0.090 -29258.957
-nan -nan -nan -nan -nan -nan -nan
-nan -nan -nan -nan -nan -nan -nan
-nan -nan -nan -nan -nan -nan -nan
-73.299 0.588 80.982 0.414 41.635 0.142 2834.420
-71.430 1.032 79.956 0.648 42.250 0.211 2547.481
-69.483 1.045 78.613 0.763 42.966 0.248 2250.457
-67.805 0.997 76.898 0.752 43.823 0.263 1959.917
-66.087 1.012 75.218 0.763 44.760 0.270 1741.385
-64.176 0.863 73.806 0.693 45.790 0.298 1593.130
-62.694 0.920 72.191 0.737 46.816 0.316 1452.688
-60.901 0.858 70.947 0.729 47.972 0.353 1361.055
---
-121.255 1.286 120.597 1.081 51.976 0.365 -872.898
-119.544 1.097 119.697 0.742 50.782 0.362 -896.836
-117.930 1.051 118.704 0.871 49.389 0.346 -925.067
-116.398 1.171 117.578 0.665 48.231 0.346 -959.695
-114.691 1.226 116.261 0.906 47.084 0.327 -1004.174
-112.786 1.019 114.984 0.900 46.000 0.308 -1051.917
-111.123 1.107 113.842 0.919 44.992 0.296 -1099.172
-109.314 1.365 112.498 0.974 44.053 0.272 -1161.133
-107.512 1.171 110.976 0.911 43.152 0.259 -1241.120
-105.582 1.308 109.505 0.921 42.384 0.222 -1330.681
-103.688 1.165 107.715 1.132 41.607 0.199 -1460.193
-101.508 1.298 105.935 0.871 40.940 0.177 -1618.295
-99.491 1.122 104.246 0.898 40.405 0.147 -1805.482
-97.697 1.094 102.312 0.893 39.954 0.132 -2083.597
-95.609 1.163 100.350 0.865 39.584 0.097 -2473.043
-93.535 1.057 98.436 1.297 39.313 0.066 -3028.679
-91.421 1.157 96.352 0.828 39.142 0.037 -4015.953
-89.395 1.090 94.315 0.857 39.073 0.016 -5905.422
-87.190 1.109 92.180 0.831 39.109 0.030 -11677.985
-85.233 1.299 90.652 0.499 39.228 0.056 -39022.510
-82.220 0.000 90.041 0.000 39.383 0.000 -613549.524
-nan -nan -nan -nan -nan -nan -nan
-nan -nan -nan -nan -nan -nan -nan
-77.009 0.731 81.146 0.412 40.929 0.128 2886.760
-75.267 1.068 79.881 0.696 41.425 0.182 2528.730
-73.230 1.054 78.331 0.818 42.094 0.219 2196.773
-71.412 1.074 76.457 0.809 42.908 0.247 1897.353
-69.623 1.026 75.032 0.723 43.723 0.261 1720.225
-67.944 1.058 73.324 0.748 44.651 0.279 1548.280
-66.017 0.975 71.706 0.714 45.697 0.294 1415.443
-64.238 0.959 70.285 0.738 46.757 0.322 1317.079
-62.595 0.918 69.028 0.654 47.839 0.330 1241.371
---
-122.702 1.202 118.589 0.975 51.953 0.371 -928.496
-120.916 1.234 117.847 0.827 50.650 0.373 -951.161
-119.583 1.008 116.762 0.850 49.404 0.361 -986.710
-118.185 1.115 115.603 0.880 48.252 0.336 -1028.145
-116.230 1.168 114.383 0.826 47.064 0.303 -1076.229
-114.620 1.338 113.191 1.110 45.992 0.298 -1128.264
-112.888 1.182 111.912 0.903 44.998 0.291 -1190.548
-111.271 1.141 110.392 0.930 44.057 0.287 -1275.127
-109.493 1.242 109.014 0.903 43.178 0.252 -1363.740
-107.455 1.687 107.386 1.047 42.337 0.222 -1486.942
-105.341 2.531 105.838 1.816 41.607 0.192 -1627.934
-103.701 1.066 104.000 0.859 40.976 0.176 -1836.510
-101.667 1.050 101.966 0.791 40.394 0.140 -2142.876
-99.589 0.990 100.139 0.816 39.938 0.117 -2523.951
-97.633 1.084 98.248 0.812 39.578 0.091 -3097.183
-95.598 1.105 96.263 0.821 39.308 0.060 -4072.881
-93.493 1.088 94.341 0.855 39.143 0.039 -5870.445
-91.573 1.093 92.144 0.815 39.076 0.017 -11875.393
-89.115 1.194 90.725 0.510 39.089 0.019 -35120.241
-nan -nan -nan -nan -nan -nan -nan
-nan -nan -nan -nan -nan -nan -nan
-nan -nan -nan -nan -nan -nan -nan
-81.510 0.966 80.848 0.411 40.382 0.094 2793.521
-79.098 1.174 79.816 0.726 40.826 0.157 2512.876
-77.071 1.026 78.189 0.829 41.399 0.195 2170.716
-75.178 1.063 76.399 0.744 42.092 0.210 1889.311
-73.369 0.965 74.546 0.793 42.874 0.216 1667.390
-71.369 1.007 72.842 0.720 43.769 0.251 1506.083
-69.529 0.940 71.317 0.746 44.686 0.282 1386.990
-67.712 1.033 69.814 0.751 45.708 0.278 1287.567
-66.044 0.853 68.459 0.783 46.731 0.305 1210.102
-64.274 0.974 67.153 0.676 47.844 0.329 1144.294
---
-124.387 1.138 116.947 0.842 52.114 0.355 -980.426
-122.606 1.577 116.132 0.720 50.824 0.381 -1008.760
-121.048 1.016 114.846 0.797 49.493 0.344 -1057.414
-119.441 1.049 113.838 0.825 48.318 0.358 -1099.318
-117.977 1.133 112.557 0.902 47.147 0.323 -1158.218
-116.377 1.208 111.295 1.001 46.112 0.310 -1223.411
-114.614 1.042 109.899 0.969 45.050 0.266 -1305.391
-112.833 1.197 108.552 1.003 44.124 0.267 -1396.418
-111.286 1.114 106.989 1.030 43.236 0.227 -1520.614
-109.455 1.235 105.333 0.868 42.443 0.235 -1680.242
-107.459 1.063 103.717 0.833 41.688 0.202 -1873.709
-105.435 0.987 101.956 0.820 41.057 0.174 -2144.764
-103.587 1.036 100.097 0.788 40.510 0.152 -2534.405
-101.638 1.103 98.216 0.807 40.055 0.128 -3109.153
-99.498 1.063 96.168 0.842 39.676 0.100 -4135.090
-97.729 1.165 94.068 0.795 39.426 0.079 -6262.839
-95.618 1.154 92.133 0.800 39.252 0.058 -11935.071
-93.500 1.233 90.678 0.508 39.162 0.043 -37529.552
-nan -nan -nan -nan -nan -nan -nan
-nan -nan -nan -nan -nan -nan -nan
-nan -nan -nan -nan -nan -nan -nan
-84.581 0.870 80.737 0.432 40.082 0.078 2760.062
-83.197 1.127 79.655 0.640 40.398 0.126 2474.239
-81.176 0.978 77.974 0.763 40.874 0.160 2132.326
-79.220 1.124 76.069 0.794 41.488 0.189 1845.503
-77.086 1.038 74.301 0.787 42.213 0.218 1642.051
-75.340 1.096 72.674 0.738 42.927 0.237 1491.884
-73.076 0.964 71.082 0.770 43.840 0.280 1370.368
-71.623 1.162 69.480 0.708 44.697 0.279 1267.517
-69.528 0.941 67.854 0.776 45.797 0.298 1178.590
-67.878 0.889 66.276 0.716 46.893 0.311 1104.305
-65.997 0.915 65.202 0.599 47.978 0.321 1059.333
---
-125.477 1.120 115.434 0.777 52.266 0.389 -1034.528
-124.037 1.007 114.288 0.883 50.893 0.358 -1080.189
-122.519 1.025 113.169 0.837 49.686 0.353 -1129.254
-121.092 0.970 111.937 0.874 48.473 0.329 -1189.273
-119.717 1.342 110.760 0.858 47.384 0.327 -1253.485
-118.102 1.177 109.471 0.943 46.297 0.307 -1332.930
-116.261 1.171 108.052 0.950 45.241 0.292 -1433.812
-114.683 1.075 106.576 0.919 44.301 0.280 -1557.371
-112.884 1.021 105.149 0.875 43.439 0.247 -1700.193
-111.145 1.010 103.342 0.829 42.617 0.231 -1925.408
-109.303 0.984 101.600 0.863 41.882 0.203 -2209.665
-107.563 0.995 99.893 0.790 41.276 0.171 -2586.128
-105.440 1.192 98.163 0.877 40.706 0.169 -3129.023
-103.551 1.064 96.117 0.857 40.244 0.139 -4169.219
-101.550 1.124 94.112 0.779 39.886 0.117 -6196.728
-99.550 0.982 92.102 0.828 39.616 0.092 -12113.648
-97.576 1.024 90.779 0.545 39.423 0.070 -32691.029
-nan -nan -nan -nan -nan -nan -nan
-nan -nan -nan -nan -nan -nan -nan
-91.452 0.000 81.061 0.000 39.772 0.000 2859.356
-89.519 0.693 80.720 0.464 39.953 0.061 2755.208
-87.243 1.136 79.698 0.756 40.149 0.116 2484.473
-85.156 1.046 77.861 0.872 40.561 0.161 2112.818
-83.245 1.197 75.997 0.828 41.066 0.186 1836.198
-80.998 1.031 74.133 0.792 41.687 0.196 1625.097
-79.036 1.086 72.380 0.835 42.373 0.222 1467.740
-77.159 1.042 70.701 0.729 43.139 0.232 1344.349
-75.112 1.073 68.988 0.785 44.045 0.282 1239.135
-73.323 1.182 67.392 0.762 44.991 0.306 1155.777
-71.384 1.063 66.069 0.699 45.944 0.316 1095.299
-69.441 1.077 64.680 0.710 47.007 0.313 1038.883
-67.749 1.049 63.395 0.687 48.145 0.332 992.103
---
-126.779 0.923 113.648 0.737 52.475 0.407 -1107.637
-125.375 1.072 112.733 1.887 51.175 0.363 -1149.737
-124.065 1.089 111.294 0.788 49.962 0.374 -1223.470
-122.551 1.105 110.064 0.767 48.777 0.334 -1295.060
-120.930 1.088 108.864 0.925 47.601 0.293 -1374.180
-119.554 1.053 107.426 0.967 46.502 0.306 -1483.600
-118.076 0.971 106.205 0.816 45.565 0.283 -1592.034
-116.256 1.066 104.737 0.832 44.538 0.257 -1746.599
-114.739 0.918 103.085 0.839 43.713 0.236 -1962.554
-112.869 1.024 101.318 0.741 42.909 0.254 -2263.955
-111.274 1.470 99.816 2.154 42.202 0.213 -2606.007
-109.295 1.102 97.922 0.770 41.559 0.208 -3223.743
-107.464 1.026 96.006 0.861 41.013 0.178 -4246.354
-105.626 1.010 94.120 0.728 40.564 0.163 -6184.309
-103.562 1.009 92.063 0.814 40.177 0.129 -12339.431
-101.528 1.008 90.727 0.472 39.897 0.119 -35007.058
-nan -nan -nan -nan -nan -nan -nan
-nan -nan -nan -nan -nan -nan -nan
-nan -nan -nan -nan -nan -nan -nan
-93.638 0.727 80.706 0.454 40.037 0.058 2751.206
-91.260 1.187 79.632 0.681 40.124 0.106 2468.682
-89.447 1.077 77.817 0.842 40.428 0.150 2105.312
-87.305 1.143 75.862 0.776 40.856 0.165 1818.972
-85.019 1.108 73.941 0.821 41.390 0.197 1606.156
-83.168 1.180 72.168 0.813 41.980 0.218 1450.864
-81.218 1.089 70.383 0.754 42.681 0.232 1323.371
-79.139 1.071 68.829 0.672 43.405 0.223 1230.218
-77.184 1.141 67.024 0.745 44.335 0.271 1138.241
-75.206 1.120 65.644 0.736 45.186 0.286 1077.333
-73.334 1.046 64.161 0.717 46.217 0.297 1019.396
-71.224 0.973 62.909 0.652 47.285 0.305 975.606
-69.681 1.119 61.533 0.652 48.391 0.313 932.118
---
-128.040 0.873 111.927 0.803 52.793 0.382 -1189.791
-126.949 1.349 110.560 0.922 51.533 0.382 -1265.149
-125.529 1.322 109.481 0.827 50.220 0.354 -1332.240
-124.189 0.965 108.383 0.714 49.141 0.362 -1408.836
-122.644 0.844 107.208 1.929 47.899 0.318 -1501.836
-121.174 0.955 105.632 0.852 46.892 0.321 -1648.876
-119.526 1.215 104.245 0.757 45.865 0.320 -1805.565
-117.983 0.838 102.754 0.726 44.948 0.267 -2012.584
-116.349 0.925 101.114 0.861 44.104 0.258 -2305.012
-114.652 1.003 99.498 0.733 43.296 0.251 -2692.638
-112.983 0.994 97.703 0.769 42.578 0.209 -3314.565
-111.184 1.053 95.909 0.799 41.933 0.213 -4315.724
-109.372 1.004 93.943 0.743 41.408 0.211 -6461.076
-107.361 1.088 92.024 0.801 40.924 0.181 -12581.856
-105.572 1.046 90.649 0.442 40.586 0.165 -39224.297
-nan -nan -nan -nan -nan -nan -nan
-nan -nan -nan -nan -nan -nan -nan
-nan -nan -nan -nan -nan -nan -nan
-97.395 0.794 80.668 0.538 40.306 0.073 2739.891
-95.563 1.072 79.745 0.750 40.285 0.120 2495.730
-93.382 1.188 77.869 0.839 40.490 0.152 2114.164
-91.434 1.071 75.958 0.792 40.811 0.163 1831.169
-89.382 1.101 73.993 0.846 41.236 0.192 1611.173
-87.339 1.198 72.024 0.833 41.767 0.216 1439.632
-85.100 1.135 70.187 0.747 42.375 0.207 1310.831
-83.237 1.094 68.514 0.752 43.048 0.237 1213.023
-81.110 1.031 66.898 0.875 43.800 0.284 1132.337
-79.048 1.023 65.318 0.704 44.648 0.268 1063.982
-77.153 1.001 63.725 0.699 45.614 0.302 1003.656
-75.212 1.068 62.326 0.693 46.572 0.311 956.625
-73.235 1.053 61.085 0.658 47.594 0.320 918.888
-71.315 1.098 59.917 0.614 48.674 0.330 886.373
---
-129.267 1.114 110.030 0.789 53.027 0.390 -1297.177
-128.236 0.889 109.054 0.837 51.849 0.390 -1360.994
-126.926 1.197 107.875 0.872 50.670 0.408 -1447.473
-125.487 1.002 106.373 0.775 49.482 0.386 -1576.160
-124.141 1.002 105.361 0.855 48.382 0.331 -1677.277
-122.628 0.960 103.767 0.781 47.284 0.298 -1867.076
-121.127 0.970 102.364 0.762 46.330 0.309 -2075.002
-119.596 0.953 100.654 0.784 45.348 0.294 -2403.248
-117.984 0.918 99.158 0.790 44.513 0.267 -2791.599
-116.474 0.848 97.428 0.736 43.781 0.267 -3436.704
-114.710 0.890 95.800 0.795 43.052 0.223 -4396.271
-112.941 0.934 93.882 0.780 42.427 0.213 -6562.225
-111.160 0.984 92.066 0.814 41.904 0.208 -12322.241
-109.432 1.140 90.629 0.480 41.434 0.207 -40493.547
-nan -nan -nan -nan -nan -nan -nan
-nan -nan -nan -nan -nan -nan -nan
-nan -nan -nan -nan -nan -nan -nan
-101.528 0.949 81.069 0.444 40.712 0.106 2861.778
-99.540 1.135 79.793 0.749 40.648 0.150 2507.236
-97.683 1.086 77.900 0.805 40.776 0.168 2119.577
-95.642 1.078 75.818 0.855 41.013 0.184 1813.412
-93.648 1.086 74.006 0.791 41.304 0.189 1612.459
-91.416 1.155 72.086 0.757 41.718 0.199 1444.428
-89.280 1.065 70.231 0.789 42.229 0.221 1313.617
-87.403 1.229 68.455 0.787 42.809 0.236 1209.883
-85.175 1.126 66.757 0.808 43.494 0.256 1125.847
-83.109 1.079 65.018 0.775 44.263 0.293 1052.020
-81.186 1.138 63.410 0.719 45.131 0.274 992.619
-79.057 1.056 62.028 0.685 46.002 0.290 947.253
-77.176 1.054 60.588 0.772 47.021 0.344 904.720
-75.099 0.968 59.329 0.712 48.027 0.321 871.000
-73.293 0.964 58.030 0.657 49.168 0.323 839.136
---
-130.424 0.971 108.361 0.884 53.518 0.371 -1410.482
-129.406 1.051 107.064 0.829 52.296 0.361 -1514.136
-128.071 1.042 106.014 0.863 51.118 0.411 -1610.568
-126.713 1.040 104.826 0.667 49.930 0.346 -1736.275
-125.423 0.946 103.483 0.872 48.873 0.362 -1905.625
-124.057 0.811 101.850 0.685 47.834 0.337 -2163.541
-122.408 0.798 100.531 0.695 46.780 0.306 -2430.879
-121.192 0.985 98.896 0.690 45.941 0.332 -2873.123
-119.526 0.847 97.172 0.704 45.032 0.269 -3558.548
-117.877 0.937 95.497 0.819 44.266 0.251 -4638.109
-116.350 0.944 93.835 0.740 43.600 0.267 -6642.484
-114.613 1.011 91.975 0.706 42.987 0.260 -12894.589
-112.893 1.000 90.544 0.430 42.433 0.232 -46788.670
-nan -nan -nan -nan -nan -nan -nan
-nan -nan -nan -nan -nan -nan -nan
-nan -nan -nan -nan -nan -nan -nan
-105.476 0.671 81.010 0.429 41.397 0.122 2843.394
-103.542 1.085 79.831 0.696 41.228 0.168 2516.580
-101.685 1.084 78.043 0.797 41.229 0.187 2144.499
-99.489 1.191 76.124 0.844 41.326 0.194 1852.571
-97.599 1.059 74.117 0.808 41.554 0.192 1623.436
-95.440 1.083 72.193 0.821 41.876 0.220 1452.861
-93.523 1.095 70.253 0.695 42.285 0.200 1315.013
-91.442 1.106 68.321 0.822 42.827 0.244 1202.746
-89.366 1.114 66.632 0.760 43.384 0.259 1120.188
-87.304 1.177 64.982 0.696 44.041 0.265 1050.585
-85.138 1.081 63.261 0.755 44.823 0.291 987.498
-83.090 1.118 61.663 0.715 45.670 0.308 936.055
-81.095 1.201 60.330 0.747 46.520 0.299 897.566
-79.191 1.144 59.104 0.663 47.439 0.318 865.270
-77.219 1.092 57.720 0.756 48.501 0.358 831.937
-75.197 0.969 56.536 0.637 49.568 0.356 805.741
---
-131.768 1.176 106.620 0.763 54.152 0.416 -1553.332
-130.696 0.898 105.488 0.775 52.879 0.366 -1663.775
-129.339 0.864 104.187 0.805 51.628 0.368 -1812.839
-128.234 0.814 102.795 0.747 50.566 0.364 -2006.150
-126.954 0.841 101.653 0.745 49.474 0.327 -2199.591
-125.541 0.872 100.172 0.693 48.437 0.341 -2515.762
-124.057 0.863 98.600 0.628 47.454 0.347 -2971.162
-122.560 0.865 97.112 0.719 46.547 0.317 -3588.745
-121.216 0.937 95.382 0.689 45.735 0.305 -4736.907
-119.640 0.966 93.693 0.722 44.958 0.287 -6898.426
-117.841 0.950 92.031 0.744 44.217 0.264 -12538.450
-116.408 0.949 90.587 0.398 43.661 0.276 -43332.515
-nan -nan -nan -nan -nan -nan -nan
-nan -nan -nan -nan -nan -nan -nan
-nan -nan -nan -nan -nan -nan -nan
-109.405 0.615 81.037 0.193 42.228 0.044 2851.907
-107.384 0.983 79.975 0.656 41.953 0.202 2552.252
-105.511 1.131 78.283 0.757 41.843 0.212 2187.832
-103.581 1.109 76.273 0.756 41.883 0.214 1872.283
-101.626 1.047 74.185 0.815 42.036 0.216 1630.275
-99.648 1.060 72.275 0.803 42.266 0.217 1459.393
-97.358 1.116 70.342 0.737 42.555 0.222 1320.735
-95.592 1.073 68.446 0.751 42.965 0.243 1209.401
-93.354 1.135 66.582 0.768 43.472 0.270 1117.918
-91.428 1.068 64.826 0.724 44.056 0.258 1044.498
-89.394 1.143 63.156 0.695 44.699 0.289 983.923
-87.280 1.141 61.624 0.730 45.428 0.295 934.866
-85.157 1.104 60.089 0.716 46.246 0.311 891.007
-83.170 1.129 58.679 0.689 47.113 0.333 854.689
-81.169 1.041 57.391 0.699 48.042 0.319 824.455
-79.258 1.156 56.069 0.692 49.081 0.366 795.950
-77.203 0.999 54.803 0.658 50.187 0.368 770.840
---
-132.865 0.755 105.083 0.683 54.664 0.400 -1707.458
-131.864 0.796 103.832 0.761 53.463 0.424 -1858.408
-130.621 0.673 102.516 0.669 52.317 0.382 -2050.238
-129.321 0.810 101.140 0.623 51.123 0.384 -2299.507
-128.170 0.772 99.719 0.656 50.060 0.384 -2631.772
-126.748 0.824 98.381 0.694 49.027 0.336 -3048.309
-125.590 0.730 96.761 0.656 48.086 0.342 -3774.185
-124.099 0.837 95.177 0.622 47.272 0.326 -4924.167
-122.531 0.757 93.543 0.744 46.329 0.287 -7189.377
-121.147 0.826 91.811 0.757 45.663 0.308 -14060.766
-119.623 0.889 90.506 0.388 44.956 0.285 -50290.398
-nan -nan -nan -nan -nan -nan -nan
-nan -nan -nan -nan -nan -nan -nan
-nan -nan -nan -nan -nan -nan -nan
-113.477 0.830 81.175 0.099 43.306 0.046 2896.003
-110.951 1.022 80.059 0.579 42.888 0.235 2573.549
-109.397 1.031 78.544 0.785 42.663 0.227 2237.045
-107.334 1.012 76.504 0.790 42.600 0.233 1903.744
-105.612 1.064 74.566 0.785 42.638 0.222 1669.518
-103.627 1.072 72.549 0.761 42.765 0.229 1481.568
-101.634 1.056 70.550 0.851 42.998 0.269 1334.322
-99.715 1.052 68.689 0.778 43.290 0.246 1222.522
-97.647 1.081 66.942 0.687 43.666 0.248 1134.376
-95.600 1.201 64.983 0.706 44.184 0.246 1050.640
-93.468 1.149 63.270 0.783 44.755 0.303 987.791
-91.309 1.070 61.581 0.823 45.430 0.331 933.563
-89.208 1.100 59.954 0.708 46.155 0.311 887.376
-87.172 1.169 58.411 0.702 46.994 0.320 848.183
-85.299 1.100 57.096 0.690 47.809 0.345 817.892
-83.209 1.012 55.732 0.662 48.736 0.347 789.073
-81.004 1.102 54.463 0.658 49.759 0.361 764.424
-79.246 1.118 53.365 0.643 50.814 0.392 744.573
---
-133.948 0.716 103.408 0.645 55.397 0.427 -1915.989
-132.994 0.617 102.032 0.608 54.200 0.366 -2131.428
-131.652 0.743 100.839 0.686 52.959 0.361 -2362.700
-130.713 0.717 99.396 0.587 51.911 0.377 -2721.593
-129.446 0.745 98.000 0.622 50.746 0.406 -3192.622
-128.076 0.709 96.584 0.647 49.773 0.356 -3875.014
-126.789 0.803 95.022 0.693 48.856 0.324 -5075.390
-125.574 0.793 93.345 0.606 47.999 0.345 -7614.635
-124.053 0.862 91.870 0.696 47.157 0.322 -13617.991
-122.650 0.901 90.633 0.431 46.439 0.326 -40209.508
-nan -nan -nan -nan -nan -nan -nan
-nan -nan -nan -nan -nan -nan -nan
-nan -nan -nan -nan -nan -nan -nan
-116.141 1.153 81.378 0.231 44.554 0.038 2963.586
-114.664 0.969 80.298 0.539 43.962 0.284 2636.454
-113.028 1.042 78.693 0.757 43.694 0.257 2266.093
-111.120 1.030 76.668 0.780 43.547 0.264 1926.838
-109.257 1.123 74.765 0.760 43.457 0.268 1690.805
-107.384 1.013 72.799 0.828 43.493 0.261 1502.385
-105.501 1.079 70.926 0.719 43.588 0.241 1359.609
-103.631 1.089 68.847 0.770 43.849 0.252 1231.210
-101.681 1.150 66.978 0.782 44.157 0.283 1136.087
-99.566 1.096 65.114 0.750 44.552 0.273 1055.804
-97.680 1.158 63.423 0.809 45.003 0.306 993.065
-95.603 1.090 61.663 0.675 45.571 0.272 936.030
-93.528 1.100 59.972 0.682 46.192 0.298 887.851
-91.437 1.127 58.398 0.628 46.939 0.310 847.878
-89.304 1.075 56.930 0.631 47.740 0.319 814.246
-87.316 1.072 55.500 0.712 48.608 0.338 784.410
-85.162 1.099 54.252 0.642 49.488 0.363 760.497
-83.308 1.109 53.034 0.683 50.441 0.388 738.850
-81.085 1.123 51.834 0.626 51.519 0.395 719.000
---
-135.017 0.620 101.528 0.607 56.043 0.404 -2223.214
-133.986 0.684 100.257 0.592 54.834 0.427 -2495.268
-132.867 0.752 98.996 1.189 53.755 0.388 -2841.565
-131.787 0.670 97.724 0.577 52.666 0.384 -3305.833
-130.568 0.688 96.266 0.633 51.589 0.392 -4070.605
-129.418 0.635 94.774 0.656 50.578 0.348 -5338.696
-127.986 0.749 93.296 0.667 49.611 0.336 -7727.044
-126.835 0.776 91.733 0.687 48.838 0.305 -14691.619
-125.436 0.868 90.617 0.393 47.934 0.330 -41244.019
-nan -nan -nan -nan -nan -nan -nan
-nan -nan -nan -nan -nan -nan -nan
-nan -nan -nan -nan -nan -nan -nan
-119.030 0.531 81.651 0.135 45.647 0.007 3059.838
-118.124 0.807 80.569 0.516 45.277 0.249 2711.473
-116.299 0.911 79.116 0.722 44.784 0.270 2352.955
-114.673 0.946 77.117 0.739 44.577 0.283 1992.664
-112.958 1.030 75.205 0.692 44.415 0.276 1739.875
-111.087 1.032 73.228 0.682 44.349 0.271 1539.662
-109.377 1.011 71.255 0.766 44.391 0.297 1382.562
-107.556 1.002 69.299 0.757 44.530 0.270 1256.915
-105.420 0.980 67.375 0.776 44.699 0.285 1154.918
-103.585 1.095 65.534 0.642 45.028 0.276 1072.790
-101.694 1.140 63.674 0.746 45.424 0.297 1001.842
-99.638 1.044 61.779 0.700 45.925 0.301 939.582
-97.533 1.055 60.219 0.707 46.419 0.318 894.533
-95.751 1.119 58.590 0.667 47.045 0.305 852.513
-93.515 0.997 57.125 0.649 47.717 0.307 818.529
-91.319 1.094 55.562 0.731 48.521 0.359 785.654
-89.277 1.044 54.094 0.700 49.389 0.363 757.599
-87.329 1.022 52.851 0.721 50.356 0.378 735.726
-84.995 1.080 51.556 0.649 51.294 0.365 714.601
-83.239 1.259 50.529 0.680 52.274 0.370 698.925
---
-135.971 0.704 99.955 0.636 56.865 0.432 -2569.952
-134.889 0.658 98.748 0.629 55.618 0.383 -2921.466
-134.083 0.721 97.589 0.667 54.540 0.417 -3364.388
-132.965 0.671 96.107 0.614 53.499 0.356 -4176.024
-131.728 0.744 94.703 0.614 52.378 0.404 -5418.437
-130.626 0.672 93.380 0.664 51.421 0.360 -7536.001
-129.316 0.732 91.664 0.624 50.530 0.357 -15297.861
-128.064 0.702 90.529 0.423 49.595 0.386 -48136.050
-nan -nan -nan -nan -nan -nan -nan
-nan -nan -nan -nan -nan -nan -nan
-nan -nan -nan -nan -nan -nan -nan
-nan -nan -nan -nan -nan -nan -nan
-121.188 0.822 80.695 0.621 46.609 0.273 2747.803
-119.682 0.801 79.513 0.676 46.096 0.304 2440.981
-117.952 0.986 77.519 0.770 45.770 0.310 2055.831
-116.461 0.949 75.606 0.730 45.539 0.311 1787.327
-114.830 0.907 73.480 0.818 45.449 0.297 1562.534
-112.834 1.023 71.653 0.762 45.339 0.301 1411.504
-111.230 0.922 69.672 0.763 45.404 0.307 1278.963
-109.360 1.011 67.765 0.669 45.507 0.292 1174.113
-107.489 0.952 65.929 0.695 45.700 0.298 1089.332
-105.438 0.955 64.020 0.688 45.999 0.307 1014.265
-103.607 1.000 62.239 0.646 46.392 0.287 953.881
-101.596 1.120 60.404 0.739 46.868 0.342 899.607
-99.612 1.099 58.646 0.661 47.439 0.333 853.896
-97.563 0.979 57.257 0.662 47.964 0.320 821.450
-95.480 1.125 55.596 0.631 48.702 0.364 786.336
-93.485 1.178 54.143 0.710 49.483 0.364 758.499
-91.286 1.174 52.694 0.610 50.315 0.356 733.077
-89.381 1.040 51.569 0.606 51.136 0.337 714.797
-87.278 1.154 50.257 0.562 52.117 0.384 694.934
-85.187 1.194 49.207 0.600 53.047 0.396 680.051
---
-137.072 0.740 98.355 0.501 57.725 0.455 -3057.526
-136.181 1.960 97.552 2.399 56.496 0.412 -3380.481
-135.108 0.710 95.917 0.612 55.442 0.411 -4310.090
-133.929 0.677 94.486 0.634 54.315 0.370 -5680.483
-132.764 0.699 93.181 0.614 53.345 0.410 -8007.203
-131.723 0.816 91.596 0.691 52.356 0.417 -15951.482
-130.648 0.569 90.605 0.370 51.457 0.385 -42071.214
-129.296 0.000 90.008 0.000 50.589 0.000 -3317482.917
-nan -nan -nan -nan -nan -nan -nan
-nan -nan -nan -nan -nan -nan -nan
-nan -nan -nan -nan -nan -nan -nan
-123.675 0.754 80.818 0.307 48.075 0.281 2784.200
-122.538 0.913 79.534 0.623 47.548 0.343 2445.957
-121.102 0.866 77.791 0.661 47.131 0.328 2100.874
-119.613 0.964 75.929 0.647 46.855 0.310 1827.515
-118.026 0.844 74.182 0.734 46.584 0.290 1629.998
-116.388 1.025 72.160 0.679 46.464 0.308 1450.265
-114.540 0.964 70.154 0.663 46.396 0.309 1308.717
-113.015 0.975 68.356 0.664 46.399 0.292 1204.589
-111.253 0.988 66.383 0.717 46.573 0.326 1109.045
-109.390 1.011 64.547 0.705 46.746 0.308 1033.821
-107.393 0.993 62.685 0.668 47.009 0.322 968.222
-105.591 1.172 60.917 0.659 47.402 0.336 914.058
-103.546 0.982 59.258 0.677 47.824 0.329 869.167
-101.680 0.982 57.499 0.659 48.403 0.333 826.894
-99.751 0.928 55.907 0.668 48.989 0.351 792.633
-97.672 1.050 54.468 0.634 49.607 0.330 764.517
-95.747 1.113 53.005 0.584 50.351 0.351 738.357
-93.654 1.112 51.512 0.583 51.215 0.371 713.899
-91.403 1.205 50.278 0.574 52.093 0.389 695.244
-89.152 1.149 49.041 0.549 53.052 0.398 677.785
-87.437 1.025 47.936 0.510 54.030 0.382 663.175
---
-138.128 0.619 97.088 0.551 58.647 0.439 -3600.722
-136.981 0.677 95.659 0.520 57.354 0.414 -4505.472
-136.037 0.699 94.341 0.562 56.316 0.399 -5869.611
-135.145 0.744 92.966 0.596 55.330 0.398 -8587.065
-134.013 0.615 91.695 0.568 54.316 0.412 -15024.141
-132.827 0.781 90.516 0.344 53.286 0.451 -49358.645
-nan -nan -nan -nan -nan -nan -nan
-nan -nan -nan -nan -nan -nan -nan
-nan -nan -nan -nan -nan -nan -nan
-nan -nan -nan -nan -nan -nan -nan
-126.642 0.513 81.261 0.324 49.785 0.270 2924.425
-125.398 0.754 79.923 0.554 49.092 0.350 2539.361
-124.067 0.889 78.204 0.713 48.583 0.357 2173.404
-122.593 0.923 76.453 0.694 48.234 0.347 1896.726
-121.158 0.840 74.557 0.675 47.928 0.339 1668.522
-119.569 0.820 72.545 0.649 47.706 0.321 1481.221
-118.041 1.037 70.652 0.691 47.578 0.355 1341.039
-116.303 0.871 68.887 0.733 47.485 0.325 1233.426
-114.425 0.947 66.880 0.757 47.530 0.316 1131.530
-112.865 0.809 65.034 0.746 47.630 0.330 1052.662
-111.276 1.003 63.115 0.688 47.892 0.316 982.521
-109.299 1.047 61.427 0.739 48.111 0.344 928.945
-107.419 1.041 59.611 0.650 48.485 0.305 878.294
-105.360 0.890 57.962 0.728 48.896 0.363 837.535
-103.581 0.970 56.328 0.689 49.439 0.359 801.344
-101.535 1.143 54.779 0.640 49.977 0.388 770.376
-99.581 1.061 53.202 0.593 50.690 0.350 741.739
-97.636 1.159 51.663 0.620 51.480 0.360 716.286
-95.501 0.973 50.463 0.598 52.199 0.353 697.945
-93.372 1.075 49.136 0.556 53.069 0.390 679.076
-91.331 1.276 47.977 0.548 53.985 0.363 663.702
-89.634 1.113 46.771 0.548 54.970 0.353 648.697
---
-138.950 0.511 95.625 0.528 59.538 0.430 -4532.885
-138.101 0.609 94.220 0.647 58.462 0.403 -6038.233
-137.053 0.603 92.767 0.588 57.271 0.394 -9202.789
-136.067 0.616 91.513 0.537 56.183 0.465 -16825.331
-134.855 0.694 90.535 0.369 55.217 0.369 -47576.938
-nan -nan -nan -nan -nan -nan -nan
-nan -nan -nan -nan -nan -nan -nan
-nan -nan -nan -nan -nan -nan -nan
-nan -nan -nan -nan -nan -nan -nan
-129.742 0.187 81.076 0.430 51.559 0.087 2864.105
-128.016 0.699 80.173 0.550 50.721 0.363 2603.178
-126.756 0.821 78.562 0.641 50.191 0.395 2240.499
-125.410 0.832 76.807 0.595 49.728 0.381 1946.651
-124.153 0.811 74.898 0.679 49.437 0.353 1705.301
-122.604 0.846 73.222 0.699 49.067 0.344 1539.164
-121.228 0.850 71.211 0.669 48.906 0.338 1379.459
-119.503 0.924 69.333 0.614 48.725 0.325 1258.892
-117.997 1.016 67.553 0.725 48.672 0.378 1163.612
-116.428 0.902 65.712 0.643 48.663 0.324 1080.164
-114.708 0.903 63.903 0.693 48.784 0.341 1010.033
-112.824 0.988 61.905 0.692 49.031 0.356 943.442
-111.325 0.952 60.256 0.636 49.291 0.363 895.539
-109.308 1.068 58.516 0.657 49.599 0.344 850.722
-107.557 0.957 56.775 0.676 50.072 0.375 810.877
-105.508 0.968 55.145 0.593 50.535 0.342 777.417
-103.763 1.035 53.543 0.581 51.226 0.340 747.708
-101.598 1.171 52.122 0.665 51.760 0.393 723.637
-99.791 1.195 50.742 0.679 52.454 0.395 702.098
-97.785 1.033 49.272 0.513 53.283 0.373 680.957
-95.542 1.104 48.030 0.572 54.102 0.383 664.382
-93.333 1.280 46.905 0.541 54.916 0.355 650.308
-91.360 1.081 45.618 0.550 56.048 0.391 635.228
