phi std_phi theta std_theta rho std_rho effective thickness
---
210.946 0.748 101.671 0.639 61.434 0.382 -2196.342
211.534 0.809 103.432 0.670 60.679 0.363 -1912.648
212.151 0.912 105.017 0.655 60.032 0.335 -1714.699
212.713 1.031 106.689 1.069 59.458 0.383 -1547.140
213.281 0.964 108.423 0.764 58.869 0.338 -1405.876
214.043 0.991 110.247 0.702 58.404 0.349 -1283.830
214.774 0.916 111.840 0.759 58.045 0.315 -1194.317
215.458 0.867 113.984 0.764 57.642 0.330 -1093.050
216.364 0.924 115.824 0.716 57.383 0.312 -1019.963
216.850 1.187 117.517 0.659 57.188 0.333 -961.671
217.827 0.997 119.161 0.625 57.061 0.315 -911.814
218.523 0.928 121.180 0.703 56.892 0.312 -858.173
219.544 1.010 122.927 0.791 57.015 0.304 -817.371
220.451 0.994 124.994 0.685 57.002 0.340 -774.721
221.803 1.277 126.584 0.829 57.255 0.298 -745.464
222.510 0.966 128.495 0.865 57.384 0.317 -713.798
223.316 1.138 130.112 1.440 57.645 0.311 -689.607
224.611 1.096 131.824 0.730 58.062 0.319 -666.277
225.553 1.230 133.492 0.842 58.448 0.362 -645.547
226.721 1.062 135.293 0.752 58.932 0.322 -625.147
228.035 0.994 136.696 0.625 59.515 0.324 -610.538
229.384 1.092 138.393 0.802 60.114 0.355 -594.206
230.794 1.107 139.928 0.703 60.790 0.334 -580.605
231.987 1.007 141.533 0.758 61.518 0.399 -567.458
233.329 1.384 142.742 0.743 62.229 0.341 -558.222
234.611 1.264 144.162 0.750 63.042 0.412 -548.060
236.615 1.130 145.451 0.660 64.050 0.324 -539.436
237.974 1.127 146.513 0.698 64.878 0.366 -532.728
239.589 1.479 148.033 0.556 65.940 0.420 -523.723
240.993 1.264 148.744 0.721 66.883 0.462 -519.735
242.823 1.208 149.988 0.642 67.865 0.388 -513.093
245.348 1.144 150.898 0.790 69.099 0.374 -508.494
---
209.228 0.762 101.787 0.490 60.437 0.331 -2174.930
209.801 0.679 103.547 0.536 59.725 0.364 -1896.786
210.344 0.837 105.461 0.718 59.029 0.323 -1666.622
210.791 0.839 106.993 0.718 58.404 0.319 -1520.229
211.652 1.057 108.679 0.886 57.900 0.345 -1387.294
212.101 0.971 110.602 0.892 57.366 0.340 -1262.659
212.952 0.962 112.381 0.793 56.949 0.295 -1166.862
213.492 1.146 114.232 0.729 56.619 0.288 -1082.502
214.392 0.909 116.335 0.728 56.289 0.279 -1001.528
215.205 1.041 118.192 0.961 56.123 0.309 -940.470
215.765 1.031 119.924 0.681 55.957 0.285 -890.650
216.856 0.902 121.722 0.739 55.921 0.271 -845.010
217.766 1.267 123.542 0.786 55.966 0.300 -804.093
218.532 0.990 125.726 0.738 55.932 0.290 -760.900
219.441 0.995 127.437 0.752 56.154 0.283 -730.883
220.656 1.191 129.228 0.759 56.335 0.315 -702.555
221.690 1.131 130.991 0.773 56.640 0.291 -677.353
222.467 1.605 132.844 2.457 56.924 0.275 -653.383
223.600 1.135 134.492 0.717 57.421 0.344 -633.983
224.932 1.137 136.112 0.736 57.912 0.340 -616.490
226.009 1.271 137.947 0.755 58.462 0.349 -598.362
227.262 1.228 139.387 0.760 59.061 0.355 -585.284
228.697 1.214 141.056 0.740 59.726 0.374 -571.257
230.101 1.302 142.400 0.652 60.456 0.395 -560.778
231.581 1.124 143.905 0.764 61.307 0.343 -549.851
232.804 1.356 145.302 0.796 62.144 0.370 -540.402
234.811 1.076 146.661 0.887 63.057 0.402 -531.819
236.378 1.539 147.728 0.875 63.949 0.390 -525.471
237.560 1.073 149.007 0.796 64.908 0.366 -518.300
239.226 1.376 150.050 0.631 65.886 0.394 -512.777
241.308 1.234 151.235 0.744 67.112 0.386 -506.844
243.323 1.236 152.280 0.695 68.230 0.437 -501.903
---
207.584 0.791 102.000 0.473 59.503 0.343 -2136.935
207.801 1.133 103.828 0.849 58.719 0.330 -1858.941
208.489 0.813 105.536 0.649 58.074 0.306 -1658.785
209.140 0.880 107.281 0.821 57.438 0.344 -1495.691
209.815 1.125 109.176 0.847 56.863 0.315 -1352.641
210.340 1.069 111.033 0.693 56.393 0.306 -1237.913
211.143 1.072 112.857 0.796 55.980 0.280 -1143.841
211.855 0.904 114.693 0.958 55.615 0.304 -1063.519
212.448 1.023 116.639 0.849 55.320 0.300 -990.912
213.518 0.993 118.638 0.842 55.161 0.298 -927.020
214.178 1.031 120.583 0.758 54.957 0.303 -873.263
214.898 1.076 122.366 0.762 54.914 0.269 -829.973
215.565 1.019 124.291 0.827 54.876 0.298 -788.606
216.579 1.087 126.116 0.816 54.990 0.274 -753.790
217.340 1.229 128.155 0.687 55.104 0.276 -719.180
218.623 1.244 129.999 0.844 55.332 0.312 -691.229
219.486 1.008 132.139 1.076 55.634 0.281 -662.214
220.635 1.165 133.694 0.918 56.038 0.331 -643.160
221.501 1.404 135.575 1.048 56.442 0.316 -622.121
222.846 1.187 137.199 0.824 56.893 0.273 -605.550
223.607 1.280 138.900 0.790 57.415 0.319 -589.595
225.577 1.052 140.466 0.714 58.125 0.340 -576.076
226.583 1.253 142.039 0.810 58.810 0.347 -563.527
228.347 1.814 143.598 0.857 59.558 0.361 -552.012
229.428 1.383 145.174 0.730 60.363 0.360 -541.242
230.908 1.437 146.375 0.729 61.257 0.348 -533.582
232.646 1.150 147.913 0.841 62.112 0.369 -524.408
233.946 1.396 148.900 0.714 63.040 0.357 -518.880
236.077 1.288 150.174 0.708 64.077 0.383 -512.138
237.979 1.433 151.535 0.691 65.219 0.356 -505.399
239.531 1.678 152.516 0.618 66.269 0.405 -500.823
241.228 2.567 153.600 0.793 67.439 0.443 -496.029
---
205.642 0.812 102.291 0.737 58.573 0.330 -2087.105
206.435 0.736 104.060 0.618 57.859 0.336 -1828.843
206.923 1.232 105.947 0.729 57.150 0.337 -1617.098
207.399 0.925 107.631 0.870 56.537 0.331 -1466.891
208.040 0.951 109.490 0.846 55.948 0.305 -1331.636
208.352 1.079 111.418 0.881 55.450 0.295 -1216.682
209.067 1.117 113.097 0.735 55.029 0.293 -1132.561
209.982 1.032 115.313 0.800 54.672 0.303 -1039.161
210.750 0.968 117.272 0.815 54.342 0.282 -969.638
210.572 8.575 119.296 1.075 54.185 0.265 -907.997
211.830 1.587 121.205 0.804 53.988 0.260 -857.553
212.771 1.046 123.049 0.880 53.922 0.258 -814.691
213.843 1.130 125.025 0.745 53.966 0.267 -774.132
214.397 1.149 127.026 0.905 54.002 0.263 -737.818
215.288 0.937 129.059 0.749 54.130 0.261 -705.103
216.447 0.993 130.936 0.807 54.411 0.238 -678.104
217.369 1.069 132.761 0.743 54.688 0.285 -654.395
218.689 1.145 134.560 0.848 55.062 0.295 -633.218
219.564 1.375 136.315 0.863 55.520 0.321 -614.392
220.726 1.290 138.216 0.798 56.030 0.277 -595.847
222.067 1.301 139.872 0.960 56.580 0.323 -581.080
223.141 1.232 141.478 0.897 57.193 0.343 -567.894
224.609 1.329 143.086 0.784 57.937 0.288 -555.693
225.772 1.225 144.701 0.868 58.647 0.316 -544.388
226.929 1.250 146.218 0.751 59.426 0.324 -534.557
228.234 1.151 147.684 0.815 60.255 0.299 -525.731
230.776 1.269 149.054 0.748 61.331 0.373 -518.045
232.013 1.445 150.318 0.749 62.204 0.342 -511.401
233.688 1.843 151.523 0.714 63.178 0.318 -505.456
235.784 1.342 152.768 0.660 64.422 0.410 -499.684
237.472 1.262 153.689 0.693 65.334 0.372 -495.647
239.427 1.513 154.950 0.731 66.595 0.339 -490.429
---
203.952 0.660 102.503 0.647 57.696 0.310 -2052.289
204.444 0.978 104.284 0.775 57.016 0.324 -1800.786
204.798 0.956 106.100 0.716 56.319 0.298 -1602.128
205.371 1.343 107.839 0.967 55.677 0.254 -1450.364
206.023 1.788 109.705 0.703 55.142 0.241 -1317.730
206.764 0.989 111.623 0.766 54.565 0.283 -1205.698
207.219 0.973 113.709 0.768 54.157 0.238 -1104.985
207.765 1.118 115.633 0.853 53.755 0.268 -1027.019
208.457 1.019 117.621 0.808 53.505 0.255 -958.320
209.421 1.142 119.714 0.714 53.298 0.252 -896.355
209.899 0.974 121.583 0.843 53.120 0.254 -848.327
210.570 1.133 123.605 0.729 53.022 0.249 -802.758
211.619 1.124 125.805 0.960 53.041 0.251 -759.457
212.468 1.316 127.451 0.966 53.096 0.235 -730.656
213.226 1.155 129.755 0.933 53.294 0.240 -694.748
214.026 1.205 131.697 0.773 53.513 0.251 -667.926
215.205 0.957 133.609 0.730 53.876 0.244 -644.161
216.194 1.175 135.403 0.773 54.191 0.261 -623.964
217.181 1.210 137.312 0.768 54.627 0.282 -604.439
218.403 1.340 139.000 0.848 55.144 0.293 -588.704
219.615 1.150 140.729 0.846 55.701 0.278 -573.915
220.686 1.310 142.575 0.921 56.332 0.293 -559.467
222.190 1.451 144.175 0.778 57.137 0.319 -547.968
223.527 1.297 145.762 0.805 57.821 0.300 -537.433
224.937 1.379 147.265 0.765 58.692 0.349 -528.185
226.410 1.428 148.857 0.921 59.527 0.331 -519.115
228.205 1.412 150.230 0.788 60.513 0.345 -511.852
229.599 1.451 151.662 0.731 61.534 0.375 -504.792
231.409 1.592 152.615 0.749 62.477 0.329 -500.376
233.295 1.273 153.969 0.680 63.438 0.367 -494.460
235.216 1.731 155.250 0.757 64.728 0.414 -489.241
237.478 1.874 156.176 0.717 65.897 0.404 -485.685
---
202.085 0.865 102.728 0.714 56.959 0.312 -2016.543
202.335 0.962 104.544 0.843 56.213 0.306 -1769.217
203.094 0.838 106.326 0.775 55.512 0.314 -1580.537
203.534 1.127 108.152 0.830 54.879 0.252 -1426.165
203.932 0.930 110.092 0.909 54.287 0.285 -1293.371
204.561 1.106 112.063 0.926 53.722 0.241 -1182.839
204.978 1.053 114.119 0.730 53.318 0.252 -1087.294
205.902 1.130 116.103 0.873 52.981 0.256 -1009.821
206.339 1.145 117.941 0.784 52.688 0.241 -948.220
207.127 1.456 120.202 0.753 52.447 0.241 -883.208
207.628 1.131 122.315 0.909 52.250 0.249 -831.125
208.295 1.150 124.336 0.839 52.152 0.227 -787.706
209.202 1.010 126.381 0.955 52.249 0.229 -749.050
210.007 1.105 128.370 0.864 52.295 0.233 -715.762
210.741 1.022 130.351 0.876 52.431 0.215 -686.206
211.486 1.301 132.455 0.704 52.675 0.224 -658.214
212.654 1.244 134.449 0.769 52.977 0.234 -634.466
213.498 1.088 136.394 0.717 53.324 0.255 -613.586
214.836 2.916 138.050 0.888 53.780 0.241 -597.393
216.140 1.204 140.069 0.887 54.371 0.313 -579.410
217.288 1.515 141.913 0.724 54.925 0.319 -564.499
218.246 1.218 143.451 0.710 55.597 0.316 -553.060
219.391 1.524 145.360 0.833 56.348 0.300 -540.023
220.928 1.418 146.738 0.751 57.037 0.337 -531.351
222.300 1.341 148.607 0.823 57.946 0.309 -520.492
223.455 1.471 149.916 0.782 58.770 0.313 -513.467
225.710 1.786 151.263 0.756 59.804 0.331 -506.709
227.194 1.365 152.740 0.805 60.729 0.356 -499.811
229.482 1.754 154.073 0.722 61.816 0.353 -494.024
230.724 1.592 155.198 0.733 62.830 0.382 -489.445
232.781 1.539 156.382 0.625 64.026 0.349 -484.919
235.316 1.426 157.525 0.756 65.237 0.340 -480.821
---
200.022 0.732 102.723 0.568 56.285 0.292 -2017.302
200.480 0.844 104.672 0.650 55.488 0.309 -1754.192
200.757 1.011 106.506 0.626 54.787 0.280 -1563.840
201.220 1.017 108.437 0.823 54.053 0.280 -1404.814
202.000 1.100 110.265 0.783 53.548 0.232 -1282.768
202.427 1.019 112.388 0.855 53.029 0.256 -1166.510
202.999 1.275 114.332 1.090 52.565 0.243 -1078.332
203.647 1.097 116.377 0.759 52.218 0.235 -1000.038
204.126 1.043 118.542 0.887 51.890 0.221 -929.884
204.805 1.012 120.669 0.763 51.665 0.224 -871.055
205.475 1.316 122.852 0.773 51.524 0.216 -819.033
206.048 1.141 124.862 0.826 51.442 0.215 -777.287
206.911 1.195 126.802 1.750 51.462 0.214 -741.676
207.453 1.088 128.989 0.858 51.530 0.216 -706.169
208.377 1.167 130.993 0.825 51.680 0.229 -677.322
209.280 1.220 133.190 0.885 51.903 0.200 -649.164
210.098 1.349 135.183 0.966 52.215 0.236 -626.336
211.189 1.280 137.295 0.905 52.586 0.243 -604.611
212.122 1.460 139.013 0.965 53.083 0.245 -588.589
213.197 1.191 141.015 0.833 53.612 0.282 -571.587
214.162 1.861 142.872 0.756 54.199 0.258 -557.266
215.639 1.491 144.490 0.773 54.884 0.296 -545.815
216.281 1.987 146.097 1.179 55.551 0.300 -535.313
217.702 2.453 147.859 0.846 56.326 0.308 -524.717
219.315 1.405 149.522 0.791 57.201 0.292 -515.532
221.358 1.379 151.159 0.856 58.177 0.317 -507.213
222.897 1.581 152.449 0.766 59.136 0.322 -501.129
224.212 1.624 153.983 0.723 60.123 0.372 -494.401
225.952 1.401 155.334 0.691 61.154 0.347 -488.909
227.988 1.732 156.537 0.732 62.255 0.379 -484.346
230.200 1.886 157.620 0.803 63.372 0.420 -480.491
232.111 1.752 158.689 0.707 64.592 0.404 -476.910
---
198.170 0.673 102.936 0.564 55.621 0.326 -1984.724
198.366 0.890 104.820 0.726 54.847 0.306 -1737.068
198.993 1.108 106.551 0.860 54.176 0.269 -1559.652
199.184 0.977 108.527 0.937 53.441 0.254 -1398.267
199.954 1.002 110.788 0.837 52.834 0.232 -1251.852
200.385 0.973 112.590 0.927 52.365 0.223 -1156.647
200.860 1.122 114.743 0.910 51.894 0.250 -1061.530
201.415 1.177 116.755 0.796 51.537 0.226 -986.959
201.919 1.025 119.006 0.875 51.211 0.208 -916.283
202.512 1.259 121.133 0.874 50.968 0.197 -859.336
203.019 1.242 123.292 0.991 50.823 0.196 -809.429
203.765 1.033 125.399 0.813 50.747 0.170 -767.000
204.298 1.337 127.448 0.826 50.738 0.192 -730.705
204.911 1.348 129.618 0.802 50.804 0.210 -696.763
205.973 1.299 131.694 0.891 51.004 0.178 -667.963
206.555 1.326 133.786 0.940 51.198 0.200 -642.081
207.217 1.088 135.874 0.769 51.519 0.208 -618.962
208.022 1.369 137.930 0.829 51.884 0.227 -598.523
209.245 1.355 139.844 0.928 52.410 0.239 -581.321
210.216 1.149 141.716 0.744 52.902 0.254 -566.026
211.470 1.931 143.292 2.473 53.538 0.253 -554.205
212.293 1.453 145.635 0.812 54.177 0.268 -538.247
213.942 1.910 147.266 0.970 54.944 0.292 -528.181
214.679 1.495 148.880 0.740 55.688 0.285 -518.988
216.428 1.703 150.540 0.785 56.593 0.281 -510.278
217.662 1.569 152.177 0.887 57.448 0.352 -502.378
219.504 1.740 153.736 0.720 58.523 0.308 -495.448
220.662 1.834 155.134 0.699 59.416 0.336 -489.696
223.375 1.861 156.516 0.727 60.570 0.321 -484.425
224.631 2.181 157.579 0.760 61.715 0.368 -480.632
226.982 2.040 158.948 0.773 62.875 0.424 -476.077
229.178 3.078 159.935 0.788 64.014 0.355 -473.008
---
195.989 0.870 102.913 0.611 55.103 0.318 -1988.206
196.649 0.884 105.117 0.777 54.314 0.244 -1703.648
196.905 1.105 106.760 0.786 53.533 0.259 -1540.725
197.376 0.985 108.595 1.018 52.915 0.264 -1393.353
197.793 0.938 110.819 0.855 52.285 0.229 -1250.109
198.161 1.075 112.953 0.982 51.760 0.231 -1139.279
198.372 1.711 115.152 1.124 51.262 0.203 -1045.373
199.050 1.241 117.214 0.881 50.885 0.197 -971.537
199.488 1.254 119.267 0.910 50.568 0.185 -908.824
200.024 1.458 121.426 0.915 50.351 0.177 -852.146
200.423 1.187 123.584 1.048 50.171 0.174 -803.213
201.146 1.352 125.953 0.964 50.072 0.171 -756.751
201.750 1.241 127.994 0.952 50.124 0.186 -721.767
202.492 1.206 130.156 0.817 50.192 0.177 -688.977
203.010 1.190 132.347 0.805 50.357 0.190 -659.569
203.856 1.361 134.450 0.864 50.578 0.193 -634.456
204.753 1.470 136.635 0.814 50.918 0.202 -611.143
205.375 1.533 138.652 0.842 51.318 0.208 -591.838
205.940 1.316 140.738 0.729 51.743 0.209 -573.834
207.439 1.416 142.581 0.757 52.327 0.229 -559.422
208.154 1.575 144.427 0.799 52.904 0.263 -546.242
209.125 1.724 146.436 0.670 53.615 0.289 -533.200
210.280 1.667 148.014 0.820 54.335 0.288 -523.827
212.021 1.581 149.919 0.778 55.163 0.257 -513.454
212.746 1.909 151.595 0.762 56.060 0.311 -505.112
214.440 1.809 153.259 0.861 57.011 0.310 -497.509
216.367 1.801 154.758 0.752 57.971 0.350 -491.202
217.383 1.705 156.135 0.853 58.957 0.340 -485.840
219.506 1.622 157.518 0.693 60.050 0.354 -480.845
221.106 2.273 158.845 0.967 61.202 0.397 -476.405
223.422 1.890 159.972 0.658 62.279 0.367 -472.899
225.302 1.845 161.237 0.632 63.385 0.322 -469.236
---
194.090 1.210 103.216 0.782 54.572 0.273 -1943.412
194.449 1.112 105.096 0.875 53.790 0.250 -1706.007
194.646 0.997 107.203 1.052 53.024 0.261 -1502.221
195.030 1.078 108.842 1.019 52.353 0.228 -1375.692
195.462 1.132 111.218 0.896 51.711 0.229 -1227.655
195.689 1.106 113.131 0.884 51.152 0.208 -1130.988
196.046 1.052 115.313 0.796 50.725 0.199 -1039.129
196.644 1.196 117.391 0.919 50.338 0.175 -965.758
197.087 1.067 119.619 0.929 50.031 0.166 -898.964
197.491 1.400 121.973 0.913 49.772 0.157 -839.052
198.045 1.149 124.037 0.915 49.628 0.165 -793.781
198.626 1.259 126.190 0.901 49.552 0.157 -752.455
199.217 1.427 128.431 0.831 49.538 0.156 -714.806
199.705 1.212 130.822 1.059 49.633 0.152 -679.659
200.411 1.566 133.017 1.143 49.788 0.169 -651.261
200.843 1.200 134.934 0.873 50.019 0.156 -629.063
201.932 1.226 137.189 0.993 50.379 0.183 -605.640
202.589 1.528 139.135 0.819 50.743 0.205 -587.499
202.903 1.454 141.338 0.713 51.192 0.199 -568.996
204.043 1.583 143.458 0.898 51.779 0.217 -553.009
205.092 1.563 145.355 0.905 52.404 0.233 -540.055
205.927 1.492 147.171 0.760 53.101 0.247 -528.744
207.072 1.834 149.085 0.716 53.830 0.278 -517.874
208.093 1.473 150.674 0.818 54.609 0.279 -509.608
209.435 1.970 152.511 0.767 55.531 0.277 -500.847
210.484 1.725 154.026 0.949 56.430 0.302 -494.221
211.978 2.055 155.750 0.723 57.465 0.292 -487.297
213.667 1.642 157.211 0.765 58.449 0.324 -481.920
215.613 1.887 158.548 0.935 59.502 0.361 -477.370
217.411 2.340 159.797 0.864 60.705 0.381 -473.428
219.326 2.303 161.275 1.003 61.781 0.385 -469.131
221.918 3.087 162.376 0.752 63.052 0.380 -466.180
---
191.966 0.850 103.293 0.596 54.094 0.260 -1932.391
192.271 0.884 105.181 0.671 53.351 0.255 -1696.606
192.565 1.062 107.100 0.842 52.586 0.248 -1510.995
192.812 1.222 109.324 0.792 51.847 0.225 -1342.689
193.075 1.107 111.318 0.910 51.246 0.212 -1222.130
193.313 1.194 113.341 0.874 50.716 0.211 -1121.389
193.775 1.088 115.500 0.835 50.246 0.189 -1032.013
194.235 1.154 117.767 0.850 49.879 0.170 -953.695
194.656 1.058 120.008 0.936 49.532 0.142 -888.390
195.166 1.037 122.230 0.905 49.296 0.142 -833.075
195.488 1.228 124.427 0.926 49.153 0.130 -785.869
195.832 1.273 126.728 0.877 49.057 0.130 -742.952
196.485 1.336 129.033 0.889 49.070 0.139 -705.498
196.837 1.273 131.152 0.804 49.153 0.118 -675.173
197.457 1.632 133.384 0.984 49.306 0.135 -646.836
198.099 1.397 135.628 0.863 49.563 0.165 -621.562
198.572 1.223 137.707 0.903 49.865 0.155 -600.636
199.313 1.466 139.865 0.905 50.265 0.174 -581.144
200.023 1.346 141.966 0.874 50.779 0.207 -564.087
200.738 1.480 143.997 0.817 51.315 0.190 -549.207
201.649 1.342 145.852 0.718 51.927 0.234 -536.859
202.137 1.705 147.781 1.953 52.614 0.235 -525.165
203.321 1.715 149.760 0.748 53.369 0.251 -514.282
204.558 1.740 151.547 0.756 54.249 0.305 -505.340
205.375 1.717 153.235 0.800 55.049 0.305 -497.614
206.290 1.847 155.025 0.743 55.994 0.291 -490.131
207.876 1.962 156.322 0.843 56.981 0.295 -485.142
209.707 2.121 157.963 0.732 58.047 0.314 -479.320
210.824 2.306 159.536 0.838 59.159 0.361 -474.226
212.587 2.155 160.824 0.780 60.237 0.348 -470.399
214.349 2.564 162.270 0.747 61.500 0.353 -466.457
216.535 2.649 163.493 0.623 62.786 0.371 -463.400
---
189.783 0.915 103.412 0.634 53.755 0.244 -1915.445
190.042 0.977 105.525 0.853 52.918 0.243 -1659.975
190.213 1.024 107.309 0.790 52.150 0.223 -1493.298
190.511 1.134 109.332 0.801 51.508 0.208 -1342.150
190.801 1.304 111.367 1.029 50.895 0.198 -1219.452
191.020 1.353 113.472 0.956 50.331 0.180 -1115.488
191.304 1.029 115.781 0.839 49.853 0.169 -1021.535
191.910 1.762 118.143 0.958 49.456 0.171 -941.966
191.962 1.250 120.166 0.868 49.118 0.143 -884.175
192.357 1.511 122.505 1.077 48.878 0.125 -826.789
192.642 1.090 124.693 0.901 48.727 0.109 -780.606
193.097 1.370 127.084 0.947 48.630 0.102 -736.830
193.438 1.120 129.450 0.899 48.647 0.101 -699.245
194.062 1.377 131.779 0.882 48.742 0.111 -666.854
194.429 1.314 133.758 0.809 48.880 0.121 -642.410
194.772 1.192 136.022 0.877 49.143 0.131 -617.416
195.579 1.525 138.146 0.796 49.475 0.155 -596.502
195.987 1.376 140.558 0.792 49.903 0.168 -575.319
196.679 1.519 142.493 0.806 50.379 0.178 -560.082
197.234 1.384 144.466 0.908 50.928 0.201 -545.977
197.942 1.743 146.579 0.839 51.530 0.214 -532.320
198.804 1.620 148.402 0.784 52.242 0.232 -521.633
199.500 1.784 150.346 0.945 52.983 0.233 -511.262
200.605 1.705 152.021 0.884 53.848 0.268 -503.101
201.452 1.920 153.920 0.816 54.669 0.289 -494.665
202.330 1.965 155.585 0.946 55.646 0.291 -487.932
203.368 2.590 157.392 0.826 56.721 0.337 -481.284
204.648 1.854 158.999 0.750 57.677 0.326 -475.912
206.588 2.411 160.379 0.620 58.826 0.330 -471.690
207.612 2.846 161.913 0.795 59.951 0.368 -467.397
209.469 2.367 162.986 0.669 61.021 0.351 -464.635
211.289 2.714 164.514 0.766 62.421 0.324 -461.037
---
187.633 0.827 103.469 0.787 53.445 0.245 -1907.548
187.816 1.080 105.536 0.736 52.626 0.233 -1658.809
187.939 1.096 107.384 0.742 51.868 0.215 -1487.079
188.137 1.250 109.264 0.780 51.205 0.193 -1346.679
188.572 1.090 111.574 0.906 50.556 0.187 -1208.313
188.744 1.210 113.672 0.969 50.004 0.176 -1106.601
188.690 1.244 115.843 0.908 49.512 0.151 -1019.242
189.152 1.583 118.074 0.969 49.141 0.145 -944.096
189.245 1.073 120.318 1.027 48.794 0.122 -880.165
189.673 1.203 122.695 0.871 48.556 0.115 -822.517
190.174 1.242 125.069 0.776 48.404 0.085 -773.276
190.207 1.305 127.419 0.830 48.316 0.083 -731.190
190.591 1.278 129.671 0.936 48.320 0.078 -695.983
190.898 1.139 132.004 0.829 48.409 0.087 -663.945
191.388 1.352 134.284 0.855 48.590 0.103 -636.339
191.759 1.320 136.512 0.972 48.824 0.113 -612.392
191.633 4.789 138.360 3.117 49.164 0.143 -594.513
192.913 1.550 140.819 0.868 49.579 0.151 -573.175
192.594 3.355 143.337 3.414 50.050 0.170 -553.882
193.509 1.497 145.088 0.913 50.587 0.187 -541.807
194.063 1.704 147.149 0.835 51.256 0.209 -528.877
194.846 1.657 149.175 0.832 51.985 0.239 -517.390
195.105 1.618 150.943 0.769 52.716 0.233 -508.275
195.933 1.820 152.691 0.926 53.491 0.240 -500.031
197.061 2.047 154.537 0.789 54.423 0.283 -492.101
198.153 2.076 156.353 0.785 55.385 0.279 -485.024
198.526 2.246 157.973 0.728 56.351 0.323 -479.283
199.676 2.325 159.545 0.858 57.444 0.291 -474.201
200.668 2.652 161.021 0.639 58.527 0.326 -469.842
202.777 2.390 162.523 0.767 59.699 0.373 -465.802
203.953 2.673 164.021 0.799 60.923 0.326 -462.156
205.675 2.974 165.360 0.646 62.151 0.374 -459.209
---
185.491 0.813 103.418 0.616 53.256 0.267 -1914.693
185.623 1.041 105.490 0.707 52.433 0.232 -1663.614
185.636 1.013 107.402 0.844 51.628 0.220 -1485.586
185.844 1.084 109.524 0.948 50.937 0.194 -1329.460
185.841 1.129 111.716 0.847 50.300 0.174 -1200.806
186.387 1.072 113.736 1.017 49.786 0.156 -1103.774
186.426 1.159 116.146 0.847 49.276 0.144 -1008.251
186.522 1.179 118.178 0.982 48.880 0.120 -940.902
186.852 1.229 120.427 0.783 48.564 0.106 -877.301
187.026 1.222 122.870 0.928 48.316 0.085 -818.642
187.225 1.169 125.312 0.966 48.147 0.071 -768.641
187.287 1.448 127.463 0.926 48.073 0.061 -730.456
187.519 1.296 129.880 0.897 48.069 0.059 -692.936
187.742 1.396 132.211 0.892 48.145 0.065 -661.302
188.209 1.591 134.583 0.824 48.322 0.086 -632.961
188.623 5.994 136.566 1.744 48.564 0.104 -611.841
188.701 1.569 139.053 1.018 48.905 0.127 -588.232
188.964 1.346 141.242 0.831 49.328 0.133 -569.760
189.634 1.538 143.170 0.786 49.796 0.171 -555.086
189.551 1.590 145.358 0.794 50.364 0.173 -540.039
190.184 1.524 147.525 0.782 51.021 0.186 -526.657
190.619 1.850 149.422 0.854 51.685 0.217 -516.067
191.109 1.788 151.404 0.707 52.504 0.219 -506.025
190.745 8.948 153.210 1.230 53.298 0.255 -497.724
191.792 1.692 155.068 0.736 54.200 0.301 -489.961
193.052 2.006 156.701 0.817 55.130 0.304 -483.746
193.583 1.915 158.571 0.706 56.219 0.292 -477.294
194.105 2.248 160.055 0.707 57.257 0.288 -472.650
195.735 2.575 161.719 0.635 58.392 0.331 -467.916
196.022 3.094 163.150 0.672 59.542 0.335 -464.231
197.248 2.848 164.688 0.684 60.617 0.344 -460.653
198.562 3.762 165.828 0.739 61.939 0.357 -458.246
---
183.328 0.929 103.585 0.673 53.062 0.254 -1891.529
183.428 1.255 105.651 0.717 52.222 0.229 -1646.911
183.362 1.145 107.571 0.900 51.485 0.203 -1471.734
183.599 1.182 109.559 0.867 50.796 0.211 -1327.144
183.810 1.138 111.765 0.840 50.159 0.170 -1198.222
183.637 1.141 113.964 0.857 49.595 0.159 -1093.898
183.907 1.187 116.026 0.822 49.131 0.123 -1012.583
184.010 0.975 118.465 0.824 48.709 0.105 -932.181
184.031 1.089 120.821 0.806 48.381 0.092 -867.178
184.109 1.133 123.127 0.890 48.133 0.069 -813.007
184.390 1.231 125.383 0.866 47.984 0.051 -767.314
184.594 1.318 127.751 0.904 47.907 0.040 -725.701
184.542 1.265 130.072 0.889 47.906 0.042 -690.182
184.487 1.235 132.455 0.960 47.989 0.052 -658.214
185.004 1.625 134.629 0.888 48.154 0.066 -632.443
185.067 1.481 137.006 0.766 48.416 0.091 -607.441
185.127 1.546 139.224 0.941 48.752 0.119 -586.710
185.265 1.770 141.354 0.825 49.134 0.131 -568.873
185.484 1.692 143.387 0.904 49.620 0.147 -553.519
185.866 1.598 145.626 0.853 50.194 0.178 -538.301
185.877 1.957 147.581 1.363 50.846 0.182 -526.327
186.291 1.746 149.782 0.796 51.542 0.222 -514.167
186.525 1.702 151.565 0.901 52.297 0.227 -505.254
186.843 1.951 153.616 0.860 53.175 0.254 -495.961
187.471 2.144 155.361 0.818 54.039 0.276 -488.804
187.939 1.877 156.937 0.836 54.980 0.279 -482.897
187.949 2.446 158.871 0.701 56.046 0.302 -476.321
188.491 2.194 160.495 0.877 57.038 0.319 -471.351
189.030 2.744 161.965 0.696 58.172 0.322 -467.256
189.660 3.330 163.558 0.694 59.399 0.340 -463.243
191.273 3.619 164.924 0.855 60.505 0.354 -460.137
191.489 3.538 166.498 0.805 61.835 0.372 -456.929
---
181.079 0.839 103.468 0.570 53.039 0.235 -1907.649
180.884 0.957 105.613 0.693 52.197 0.226 -1650.871
181.153 1.118 107.552 0.915 51.412 0.225 -1473.261
181.010 1.346 109.653 0.854 50.720 0.195 -1321.034
181.171 1.114 111.711 0.941 50.087 0.182 -1201.037
181.379 1.076 114.058 0.791 49.498 0.142 -1089.855
181.295 1.156 116.139 0.866 49.042 0.123 -1008.497
181.055 1.152 118.457 0.881 48.647 0.108 -932.440
181.332 1.104 120.613 0.874 48.313 0.080 -872.472
181.453 1.381 123.246 0.848 48.053 0.060 -810.428
181.414 1.125 125.370 0.854 47.898 0.036 -767.556
181.762 1.238 127.798 0.916 47.818 0.015 -724.934
181.339 1.629 129.984 1.122 47.820 0.020 -691.442
181.599 1.514 132.421 0.919 47.906 0.040 -658.637
181.531 1.444 134.862 0.832 48.077 0.062 -629.856
181.723 1.346 136.984 0.941 48.323 0.090 -607.665
181.807 1.435 139.284 0.896 48.663 0.107 -586.185
181.860 1.395 141.511 0.879 49.093 0.133 -567.633
181.893 1.885 143.685 1.089 49.579 0.162 -551.395
181.847 1.611 145.664 0.827 50.106 0.182 -538.063
182.029 1.756 147.853 1.009 50.748 0.197 -524.750
182.182 1.891 149.746 0.899 51.444 0.217 -514.355
182.354 1.826 151.711 0.789 52.219 0.221 -504.560
182.494 1.889 153.665 1.097 53.076 0.257 -495.752
182.431 1.971 155.462 0.675 53.972 0.256 -488.411
182.671 2.125 157.180 0.816 54.920 0.272 -482.029
182.558 2.159 159.023 0.836 55.976 0.303 -475.838
183.343 2.730 160.656 0.948 57.011 0.341 -470.884
183.158 2.345 162.282 0.808 58.155 0.339 -466.425
183.352 2.996 163.724 0.716 59.328 0.310 -462.850
183.299 3.203 165.115 0.637 60.482 0.362 -459.726
183.957 3.474 166.587 0.812 61.810 0.353 -456.759
---
179.025 0.903 103.497 0.630 53.021 0.252 -1903.655
178.797 0.926 105.710 0.783 52.170 0.239 -1640.837
178.749 1.137 107.610 0.843 51.385 0.231 -1468.595
178.823 1.068 109.679 0.748 50.698 0.186 -1319.381
178.762 1.059 111.811 0.885 50.079 0.171 -1195.794
178.844 1.164 114.065 0.931 49.513 0.147 -1089.592
178.709 1.175 116.282 0.827 49.032 0.135 -1003.417
178.612 1.124 118.393 0.789 48.651 0.104 -934.362
178.742 1.204 120.668 0.870 48.309 0.085 -871.069
178.585 1.119 123.148 0.799 48.053 0.058 -812.533
178.375 1.707 125.198 0.884 47.905 0.036 -770.818
178.613 1.260 127.705 0.859 47.816 0.017 -726.461
178.482 1.953 130.074 1.012 47.819 0.018 -690.145
178.290 1.258 132.506 0.777 47.906 0.038 -657.572
178.414 1.481 134.668 1.034 48.073 0.065 -632.009
178.684 1.359 136.947 0.846 48.317 0.088 -608.027
178.220 1.395 139.183 0.898 48.652 0.108 -587.076
178.077 1.558 141.384 0.930 49.066 0.138 -568.635
178.240 1.789 143.633 0.827 49.567 0.148 -551.761
178.204 1.479 145.781 0.894 50.136 0.163 -537.312
177.750 1.678 147.913 0.929 50.769 0.189 -524.410
178.159 3.117 149.994 0.774 51.511 0.221 -513.064
177.767 1.923 151.804 0.848 52.239 0.219 -504.119
177.711 2.240 153.584 0.838 53.051 0.258 -496.099
177.735 2.258 155.542 0.955 54.012 0.263 -488.098
177.411 2.135 157.132 1.219 54.953 0.286 -482.200
177.095 2.404 158.916 0.691 55.921 0.281 -476.179
177.098 2.312 160.670 0.641 57.011 0.297 -470.843
176.811 2.634 162.253 0.741 58.171 0.354 -466.499
176.056 2.884 163.716 0.697 59.264 0.345 -462.869
177.330 3.172 165.317 0.777 60.535 0.331 -459.299
175.963 3.355 166.674 0.686 61.750 0.414 -456.593
---
176.903 0.855 103.537 0.632 53.082 0.255 -1898.092
176.511 1.418 105.636 1.144 52.270 0.239 -1648.498
176.666 1.155 107.365 0.835 51.497 0.214 -1488.621
176.376 1.437 109.700 0.827 50.746 0.193 -1318.004
176.394 1.101 111.852 0.828 50.148 0.172 -1193.695
176.305 1.099 113.831 0.895 49.588 0.162 -1099.644
176.341 1.179 116.201 1.464 49.116 0.129 -1006.287
175.986 1.081 118.492 0.865 48.708 0.110 -931.367
176.020 1.306 120.552 1.045 48.398 0.088 -874.045
175.930 1.099 123.049 0.878 48.140 0.072 -814.695
175.655 1.156 125.332 0.872 47.984 0.049 -768.260
175.603 1.225 127.675 1.017 47.899 0.035 -726.946
175.117 1.402 129.918 0.853 47.914 0.039 -692.386
175.259 1.343 132.270 0.923 47.986 0.052 -660.547
175.097 1.295 134.583 0.860 48.157 0.067 -632.958
175.015 1.333 136.958 0.908 48.412 0.086 -607.916
174.856 1.593 139.204 0.775 48.734 0.108 -586.890
174.483 1.531 141.244 0.823 49.152 0.129 -569.746
174.580 1.411 143.682 0.800 49.652 0.159 -551.418
174.308 1.945 145.533 1.148 50.196 0.161 -538.901
174.072 1.712 147.908 0.778 50.893 0.185 -524.437
173.500 1.783 149.733 0.842 51.598 0.210 -514.425
173.258 2.025 151.668 0.820 52.302 0.251 -504.763
172.782 1.890 153.572 0.760 53.161 0.260 -496.149
172.693 2.076 155.280 0.747 54.045 0.277 -489.122
172.088 2.452 157.163 0.749 54.999 0.286 -482.091
171.268 2.437 158.962 0.881 56.073 0.291 -476.032
171.756 2.465 160.495 0.775 57.106 0.311 -471.348
170.574 2.637 161.954 0.662 58.182 0.352 -467.288
170.231 2.616 163.496 0.744 59.292 0.336 -463.392
168.657 2.893 164.838 0.739 60.526 0.351 -460.323
168.682 3.259 166.322 0.675 61.774 0.379 -457.268
---
174.515 0.893 103.444 0.833 53.266 0.244 -1911.002
174.527 1.046 105.633 0.712 52.369 0.237 -1648.803
174.156 1.191 107.468 0.941 51.659 0.229 -1480.163
174.250 1.094 109.642 0.890 50.955 0.185 -1321.756
173.686 1.494 111.576 0.958 50.325 0.180 -1208.212
173.738 1.120 113.812 0.893 49.771 0.147 -1100.490
173.747 1.077 116.026 0.852 49.282 0.136 -1012.571
173.437 1.262 118.273 1.056 48.885 0.132 -937.983
173.118 1.344 120.703 1.013 48.546 0.094 -870.186
173.031 1.093 122.981 0.935 48.308 0.086 -816.180
172.815 1.266 125.326 0.862 48.147 0.073 -768.387
172.594 1.418 127.718 1.077 48.063 0.059 -726.254
172.519 1.234 129.912 0.914 48.061 0.061 -692.477
172.027 1.249 132.223 0.935 48.159 0.071 -661.146
171.804 1.321 134.465 0.866 48.332 0.092 -634.286
171.610 1.336 136.807 1.067 48.573 0.102 -609.421
171.346 1.478 139.054 0.865 48.917 0.122 -588.220
170.992 1.718 141.275 0.856 49.331 0.139 -569.497
170.315 2.479 143.328 0.839 49.824 0.163 -553.940
170.104 1.666 145.402 0.863 50.387 0.188 -539.749
170.331 1.730 147.435 0.874 51.012 0.200 -527.182
169.490 1.633 149.395 0.872 51.689 0.207 -516.211
169.111 1.837 151.440 0.832 52.485 0.220 -505.853
168.398 1.849 153.085 0.883 53.310 0.265 -498.275
167.572 1.952 155.068 0.944 54.217 0.252 -489.960
167.571 2.276 156.750 0.765 55.138 0.301 -483.572
166.413 2.334 158.518 0.785 56.183 0.296 -477.468
165.288 2.474 160.114 0.618 57.219 0.300 -472.473
164.652 2.794 161.687 0.796 58.317 0.326 -468.002
163.483 3.100 162.994 0.881 59.512 0.336 -464.615
162.345 2.648 164.669 0.584 60.684 0.356 -460.693
161.128 2.891 165.807 0.668 61.855 0.366 -458.289
---
172.371 0.870 103.368 0.592 53.469 0.257 -1921.639
172.220 0.845 105.434 0.734 52.645 0.213 -1669.494
172.117 1.411 107.371 1.104 51.891 0.218 -1488.173
171.903 1.229 109.390 0.932 51.184 0.203 -1338.244
171.545 1.375 111.433 0.960 50.602 0.175 -1215.873
171.342 1.099 113.602 0.921 50.026 0.178 -1109.702
171.309 1.212 115.888 0.812 49.522 0.148 -1017.607
170.925 1.257 118.111 0.859 49.112 0.124 -942.940
170.623 1.303 120.484 1.012 48.791 0.123 -875.815
170.346 1.241 122.773 0.918 48.553 0.103 -820.792
169.848 1.365 125.108 0.956 48.404 0.089 -772.544
170.018 2.323 127.503 1.630 48.313 0.083 -729.797
169.354 1.477 129.787 1.074 48.333 0.085 -694.295
168.815 1.317 132.093 1.010 48.422 0.092 -662.808
168.736 1.248 134.260 0.862 48.577 0.104 -636.611
168.295 1.321 136.424 0.850 48.845 0.118 -613.288
167.776 1.532 138.790 0.947 49.157 0.139 -590.585
167.496 1.714 140.829 0.832 49.562 0.172 -573.092
167.155 1.490 143.128 0.799 50.074 0.160 -555.388
166.653 1.801 144.942 0.818 50.559 0.185 -542.772
165.678 1.572 147.116 0.871 51.231 0.218 -529.070
165.221 1.764 149.067 0.762 51.941 0.240 -517.971
164.791 2.358 151.010 0.948 52.698 0.241 -507.945
164.160 1.722 152.838 0.855 53.517 0.252 -499.370
163.342 1.975 154.684 0.813 54.445 0.291 -491.504
162.283 2.247 156.094 0.730 55.349 0.284 -485.993
161.470 2.295 157.912 0.772 56.399 0.319 -479.491
160.000 2.035 159.460 0.996 57.439 0.320 -474.463
158.812 2.113 161.008 0.746 58.571 0.344 -469.879
158.154 3.370 162.412 0.769 59.716 0.354 -466.088
156.197 3.208 163.885 0.752 60.897 0.408 -462.472
154.558 2.559 165.217 0.726 62.128 0.326 -459.510
---
170.032 1.791 103.482 0.680 53.717 0.260 -1905.720
169.931 0.951 105.310 0.711 52.965 0.260 -1682.657
169.657 1.014 107.328 0.911 52.192 0.224 -1491.739
169.509 1.236 109.350 0.948 51.491 0.220 -1340.910
169.303 1.010 111.375 0.785 50.867 0.190 -1219.015
168.907 1.083 113.555 0.954 50.357 0.175 -1111.796
168.583 1.116 115.756 0.876 49.841 0.174 -1022.448
168.336 1.315 117.998 0.840 49.443 0.152 -946.450
167.833 1.083 120.228 0.812 49.154 0.135 -882.534
167.733 1.173 122.721 0.996 48.859 0.132 -821.945
167.185 1.224 125.036 0.820 48.710 0.102 -773.915
166.830 1.204 127.108 0.774 48.658 0.105 -736.431
166.534 1.358 129.307 1.276 48.641 0.105 -701.367
166.294 1.332 131.743 1.015 48.726 0.102 -667.323
165.429 1.247 133.878 0.908 48.913 0.124 -641.007
165.187 1.399 135.964 1.089 49.140 0.134 -618.020
164.520 1.587 138.291 0.734 49.491 0.158 -595.148
164.045 1.866 140.582 0.967 49.886 0.171 -575.122
163.185 1.537 142.530 0.815 50.364 0.188 -559.801
162.852 1.590 144.433 0.992 50.914 0.198 -546.203
162.096 1.696 146.592 0.990 51.591 0.224 -532.239
161.282 1.669 148.619 1.060 52.263 0.229 -520.426
160.768 1.519 150.474 0.960 52.997 0.228 -510.612
159.703 1.973 152.171 0.711 53.886 0.236 -502.408
158.863 1.639 153.949 0.739 54.683 0.282 -494.544
157.467 2.218 155.590 0.786 55.668 0.293 -487.915
156.811 2.132 157.374 0.800 56.664 0.337 -481.348
155.542 2.203 158.960 0.661 57.726 0.331 -476.038
153.393 2.285 160.385 0.795 58.830 0.350 -471.672
152.853 2.244 161.833 0.804 59.925 0.322 -467.609
150.480 2.191 163.098 0.835 61.120 0.390 -464.360
148.369 3.402 164.512 0.596 62.339 0.336 -461.042
---
168.062 0.821 103.274 0.705 54.126 0.295 -1935.075
167.759 0.818 105.243 0.673 53.333 0.250 -1689.897
167.531 1.150 107.221 0.913 52.545 0.232 -1500.688
167.006 1.245 109.089 0.902 51.911 0.223 -1358.540
166.883 1.177 111.162 0.825 51.287 0.213 -1230.702
166.594 1.024 113.428 0.796 50.718 0.212 -1117.454
166.200 0.975 115.606 0.881 50.241 0.163 -1028.031
165.902 1.180 117.786 0.905 49.839 0.170 -953.084
165.353 1.091 119.927 0.916 49.559 0.148 -890.574
164.973 1.236 122.113 0.850 49.301 0.147 -835.799
164.673 1.114 124.384 0.924 49.130 0.128 -786.745
164.111 1.304 126.879 0.822 49.053 0.137 -740.341
163.722 1.313 129.036 0.925 49.052 0.116 -705.447
163.186 1.346 131.226 0.882 49.129 0.127 -674.178
162.742 1.258 133.394 0.824 49.290 0.151 -646.711
161.768 1.326 135.704 1.044 49.569 0.147 -620.755
161.485 1.305 137.800 0.805 49.879 0.166 -599.755
160.716 1.765 139.917 0.887 50.291 0.183 -580.697
159.951 1.492 142.159 0.820 50.782 0.195 -562.607
159.228 1.606 143.891 0.799 51.311 0.223 -549.949
158.374 1.718 145.976 0.865 51.947 0.236 -536.072
157.765 1.783 147.894 1.000 52.613 0.242 -524.514
156.622 1.476 150.039 0.840 53.448 0.250 -512.833
155.732 1.870 151.684 0.883 54.194 0.263 -504.688
154.533 1.710 153.343 0.739 55.082 0.313 -497.141
152.885 1.810 154.957 0.741 56.059 0.273 -490.404
152.081 2.035 156.442 0.744 56.964 0.335 -484.698
150.455 1.948 158.006 0.780 58.011 0.302 -479.172
148.837 2.351 159.627 0.792 59.223 0.353 -473.949
147.358 2.104 160.894 0.775 60.318 0.360 -470.203
145.662 2.142 162.312 0.820 61.445 0.353 -466.347
142.872 2.664 163.538 0.757 62.714 0.387 -463.291
---
165.922 0.761 103.090 0.659 54.603 0.279 -1961.714
165.540 1.035 105.090 0.637 53.783 0.250 -1706.649
165.371 1.114 107.231 1.160 52.979 0.244 -1499.858
165.116 1.193 109.044 0.861 52.293 0.217 -1361.680
164.646 1.105 111.060 0.905 51.698 0.207 -1236.411
164.116 0.968 113.009 0.900 51.224 0.188 -1136.688
163.756 1.103 115.389 0.904 50.706 0.189 -1036.238
163.533 1.206 117.489 0.933 50.321 0.180 -962.578
163.132 1.100 119.758 0.877 49.994 0.151 -895.155
162.623 1.081 121.879 0.864 49.772 0.153 -841.270
162.184 1.183 124.075 0.861 49.604 0.177 -792.994
161.624 1.708 126.236 0.821 49.548 0.147 -751.636
160.803 1.391 128.386 0.937 49.551 0.151 -715.513
160.262 1.353 130.738 0.889 49.622 0.153 -680.813
159.652 1.249 132.987 0.972 49.774 0.154 -651.627
159.067 1.475 135.031 0.832 50.040 0.167 -627.999
158.452 1.487 137.249 0.825 50.351 0.171 -605.059
157.524 1.422 139.326 1.034 50.744 0.199 -585.815
156.680 1.665 141.218 0.917 51.248 0.195 -569.952
156.040 1.462 143.252 0.795 51.746 0.229 -554.490
155.155 1.457 145.259 0.786 52.371 0.221 -540.686
154.038 1.657 147.029 0.823 53.043 0.258 -529.591
152.996 2.137 148.898 1.175 53.830 0.270 -518.890
151.497 1.752 150.643 0.721 54.641 0.287 -509.761
151.072 1.816 152.380 0.838 55.441 0.292 -501.442
149.253 1.640 153.965 0.787 56.403 0.308 -494.478
147.936 2.007 155.603 0.645 57.435 0.325 -487.862
145.968 2.843 157.243 0.797 58.494 0.329 -481.806
144.657 2.165 158.664 0.697 59.521 0.331 -476.991
142.785 1.756 159.843 0.697 60.680 0.340 -473.287
140.304 2.537 161.358 0.822 61.974 0.341 -468.902
138.022 2.848 162.424 0.822 63.112 0.365 -466.057
---
163.794 0.824 102.990 0.606 55.117 0.281 -1976.573
163.629 0.800 104.917 0.680 54.299 0.257 -1725.975
163.184 0.994 106.854 0.823 53.497 0.245 -1532.404
162.758 1.051 108.821 0.753 52.849 0.268 -1377.179
162.284 1.012 110.778 0.859 52.292 0.229 -1252.414
161.870 1.109 113.057 0.979 51.711 0.219 -1134.449
161.567 1.138 115.079 0.882 51.279 0.205 -1048.187
160.845 0.961 117.210 0.878 50.889 0.197 -971.670
160.575 1.003 119.389 0.848 50.553 0.185 -905.379
160.107 1.222 121.463 1.071 50.338 0.182 -851.227
159.361 1.373 123.684 0.812 50.182 0.187 -801.098
158.859 1.036 125.761 0.839 50.086 0.173 -760.259
158.260 1.494 128.016 0.848 50.109 0.183 -721.406
157.380 1.141 130.339 0.838 50.224 0.180 -686.374
156.861 1.271 132.218 2.018 50.349 0.169 -661.204
156.159 1.296 134.389 0.820 50.596 0.193 -635.142
155.233 1.357 136.668 1.029 50.901 0.198 -610.814
154.513 1.209 138.608 0.723 51.301 0.216 -592.243
153.721 1.406 140.714 0.812 51.762 0.225 -574.037
152.612 1.591 142.674 0.785 52.331 0.240 -558.727
151.789 1.672 144.627 0.777 52.946 0.261 -544.886
150.552 1.616 146.353 0.781 53.621 0.263 -533.714
149.547 1.624 148.126 0.837 54.304 0.254 -523.192
148.767 1.722 149.847 0.808 55.113 0.267 -513.827
147.306 1.829 151.455 0.755 55.992 0.314 -505.784
145.763 2.055 153.259 0.751 56.947 0.324 -497.507
144.115 2.003 154.529 0.780 57.866 0.310 -492.135
142.157 1.806 156.081 0.676 58.983 0.342 -486.043
140.476 1.751 157.443 0.719 60.005 0.370 -481.106
138.332 2.345 158.873 0.927 61.214 0.304 -476.316
137.218 2.004 160.178 0.822 62.303 0.343 -472.282
134.283 2.314 161.234 0.868 63.575 0.392 -469.246
---
161.966 0.735 102.897 0.551 55.640 0.282 -1990.594
161.521 0.900 104.944 0.643 54.811 0.291 -1722.873
161.080 1.104 106.747 0.839 54.122 0.253 -1541.954
160.603 1.120 108.703 0.880 53.454 0.226 -1385.571
160.040 1.157 110.655 0.887 52.907 0.250 -1259.558
159.719 1.057 112.758 0.824 52.304 0.222 -1148.521
159.271 1.177 114.733 0.799 51.862 0.205 -1061.912
158.574 1.103 116.978 0.870 51.515 0.193 -979.378
158.386 1.561 118.978 0.853 51.165 0.197 -917.076
157.713 1.187 121.027 0.967 50.951 0.208 -861.983
156.902 0.964 123.324 0.858 50.795 0.206 -808.749
156.308 1.107 125.397 0.958 50.713 0.190 -767.050
155.761 1.216 127.602 0.966 50.741 0.187 -728.162
154.674 1.317 129.679 0.799 50.861 0.188 -695.867
154.337 1.186 131.632 0.796 50.970 0.191 -668.782
153.391 1.780 134.049 1.506 51.200 0.206 -639.024
152.521 1.274 135.789 0.830 51.530 0.215 -619.859
151.578 1.442 137.943 0.861 51.937 0.238 -598.397
150.639 1.207 139.943 0.882 52.402 0.210 -580.481
149.921 1.195 141.721 0.878 52.877 0.233 -565.987
148.807 2.086 143.519 1.074 53.518 0.277 -552.572
147.325 1.516 145.637 0.845 54.231 0.266 -538.231
146.529 1.510 147.167 0.830 54.930 0.300 -528.770
144.963 2.657 148.890 0.817 55.689 0.282 -518.935
143.405 1.557 150.453 0.794 56.633 0.304 -510.718
142.061 1.471 152.251 0.891 57.472 0.317 -502.038
140.762 1.525 153.689 0.642 58.436 0.343 -495.647
138.785 1.509 155.019 0.636 59.478 0.302 -490.156
136.861 1.800 156.476 0.820 60.538 0.331 -484.573
135.002 1.777 157.633 0.780 61.641 0.347 -480.447
133.122 2.228 159.079 0.675 62.838 0.416 -475.657
131.321 2.034 160.092 0.739 64.029 0.330 -472.539
---
159.862 0.872 102.736 0.608 56.319 0.308 -2015.359
159.549 0.944 104.823 0.722 55.482 0.276 -1736.705
159.109 1.008 106.339 0.773 54.776 0.276 -1579.325
158.508 1.075 108.525 0.898 54.130 0.257 -1398.406
158.019 0.924 110.378 0.786 53.556 0.249 -1275.925
157.470 1.037 112.363 0.843 53.028 0.241 -1167.750
156.941 0.927 114.576 0.801 52.567 0.243 -1068.276
156.358 1.035 116.441 0.935 52.217 0.238 -997.804
155.922 0.986 118.557 0.817 51.904 0.223 -929.432
155.271 1.159 120.584 0.734 51.674 0.218 -873.241
154.595 1.113 122.800 0.843 51.511 0.224 -820.182
153.640 1.138 124.790 0.796 51.470 0.219 -778.688
153.334 1.181 126.912 0.786 51.444 0.228 -739.775
152.261 1.010 128.934 0.906 51.550 0.200 -707.003
151.662 1.464 131.042 0.857 51.671 0.225 -676.650
150.733 1.099 133.169 0.882 51.943 0.202 -649.414
149.912 1.289 135.312 0.751 52.197 0.235 -624.946
148.840 1.175 137.117 0.833 52.625 0.227 -606.351
148.003 1.363 139.004 0.840 53.063 0.241 -588.671
146.958 1.499 141.036 0.877 53.593 0.239 -571.415
145.656 1.344 142.852 0.789 54.202 0.270 -557.410
144.522 1.462 144.521 0.843 54.819 0.268 -545.604
143.174 1.741 146.296 0.741 55.586 0.311 -534.068
141.758 1.509 147.900 0.971 56.377 0.293 -524.481
140.633 1.613 149.588 0.826 57.198 0.294 -515.188
139.201 1.456 151.185 0.875 58.112 0.330 -507.086
137.445 1.550 152.489 0.741 59.097 0.331 -500.945
135.858 1.523 154.020 0.730 60.094 0.350 -494.244
133.629 1.697 155.197 0.724 61.104 0.344 -489.447
131.523 1.497 156.492 0.795 62.287 0.348 -484.514
130.078 1.755 157.592 0.698 63.349 0.353 -480.587
127.906 2.138 159.004 0.822 64.670 0.323 -475.898
---
158.029 0.674 102.560 0.560 57.015 0.339 -2043.074
157.588 0.780 104.445 0.662 56.252 0.341 -1781.075
157.062 0.989 106.229 0.668 55.533 0.316 -1589.719
156.516 1.086 107.851 0.723 54.935 0.295 -1449.412
156.102 1.183 110.056 0.979 54.278 0.273 -1295.570
155.327 1.254 111.853 0.989 53.774 0.244 -1193.644
154.784 1.110 113.915 0.857 53.350 0.270 -1096.008
154.366 1.021 115.990 0.788 52.928 0.242 -1013.893
153.918 1.107 117.897 0.806 52.606 0.228 -949.583
152.857 1.143 120.179 0.920 52.440 0.253 -883.815
152.463 1.178 122.267 0.814 52.267 0.226 -832.223
151.574 1.105 124.257 0.842 52.171 0.239 -789.293
150.646 1.143 126.387 0.745 52.238 0.244 -748.942
150.065 1.480 128.532 0.754 52.293 0.254 -713.225
149.287 1.360 130.502 0.880 52.412 0.241 -684.095
148.165 1.188 132.458 0.703 52.704 0.240 -658.169
147.328 1.318 134.305 0.842 52.991 0.253 -636.100
146.352 1.386 136.245 0.779 53.360 0.276 -615.114
145.628 1.328 138.047 0.833 53.763 0.285 -597.427
144.313 1.332 140.234 1.180 54.314 0.266 -578.014
142.918 1.373 141.820 0.905 54.918 0.309 -565.218
141.563 1.498 143.552 0.720 55.601 0.303 -552.338
140.792 1.368 145.155 0.696 56.265 0.303 -541.366
138.808 1.557 147.031 0.961 57.176 0.305 -529.579
137.655 1.386 148.343 0.733 57.918 0.323 -521.966
136.111 1.453 149.765 0.780 58.811 0.326 -514.254
134.618 1.557 151.287 0.734 59.734 0.340 -506.593
133.223 1.559 152.782 0.724 60.663 0.349 -499.624
131.056 1.925 154.129 0.740 61.792 0.306 -493.787
129.002 1.685 155.209 0.847 62.901 0.308 -489.402
127.001 1.852 156.450 0.698 64.047 0.415 -484.666
125.024 2.140 157.370 1.044 65.209 0.351 -481.361
---
156.207 0.701 102.418 0.593 57.755 0.315 -2066.170
155.493 0.769 104.180 0.580 57.042 0.296 -1813.754
155.240 0.961 106.162 0.744 56.275 0.327 -1596.149
154.616 0.967 107.781 0.825 55.674 0.302 -1454.912
153.919 0.868 109.629 0.812 55.140 0.312 -1322.618
153.345 0.885 111.741 0.865 54.609 0.286 -1199.479
152.621 1.715 113.624 0.919 54.159 0.256 -1108.711
152.063 1.047 115.587 0.766 53.760 0.277 -1028.767
151.506 1.429 117.639 1.149 53.444 0.261 -957.750
150.894 1.099 119.668 0.856 53.253 0.266 -897.627
150.438 1.336 121.762 0.987 53.082 0.264 -844.045
149.328 1.146 123.678 0.837 53.043 0.242 -801.231
148.529 1.155 125.597 0.854 53.062 0.232 -763.289
147.576 1.111 127.589 0.780 53.191 0.254 -728.369
146.720 1.023 129.727 0.832 53.294 0.260 -695.158
145.856 1.128 131.487 0.751 53.490 0.261 -670.686
144.903 1.295 133.713 0.862 53.821 0.246 -642.933
143.936 1.229 135.158 0.838 54.210 0.268 -626.611
142.830 1.280 137.180 0.959 54.596 0.306 -605.730
141.832 1.351 139.331 0.828 55.152 0.321 -585.774
140.770 1.327 140.882 0.806 55.716 0.310 -572.664
139.082 1.415 142.380 0.820 56.360 0.303 -560.931
137.802 1.346 144.182 0.787 57.074 0.287 -547.926
136.655 1.317 145.725 0.759 57.817 0.322 -537.671
135.134 1.495 147.377 0.669 58.659 0.365 -527.524
133.273 1.515 148.705 1.074 59.606 0.345 -519.953
131.917 1.288 150.027 0.705 60.468 0.329 -512.895
130.145 1.465 151.380 0.659 61.487 0.381 -506.140
128.559 1.390 152.884 0.749 62.439 0.357 -499.166
126.378 1.689 153.987 0.755 63.619 0.336 -494.382
124.996 1.594 155.066 0.697 64.731 0.449 -489.967
122.569 2.149 156.321 0.721 65.932 0.354 -485.143
---
154.278 0.639 102.173 0.517 58.638 0.334 -2107.025
153.568 0.690 104.104 0.617 57.877 0.346 -1823.324
153.304 1.298 105.856 0.819 57.190 0.318 -1626.195
152.687 1.717 107.809 1.936 56.545 0.298 -1452.728
151.952 1.110 109.342 0.823 56.010 0.296 -1341.460
151.333 1.049 111.230 0.692 55.473 0.283 -1226.968
150.714 0.969 113.228 0.749 55.025 0.273 -1126.526
150.011 1.267 115.181 0.862 54.671 0.284 -1044.239
149.463 1.106 117.146 0.835 54.356 0.290 -973.777
148.470 1.086 119.297 0.761 54.188 0.270 -907.978
148.005 1.053 121.181 0.748 54.010 0.252 -858.138
147.115 1.107 123.069 0.769 53.898 0.259 -814.261
146.381 1.090 125.165 0.770 53.947 0.265 -771.441
145.400 1.297 127.273 0.844 54.009 0.251 -733.640
144.149 1.531 128.783 1.842 54.281 0.265 -709.327
143.640 1.386 130.830 0.798 54.398 0.277 -679.551
142.559 0.961 132.741 0.810 54.711 0.268 -654.653
141.531 1.087 134.627 0.708 55.046 0.265 -632.468
140.715 1.098 136.391 0.753 55.504 0.276 -613.615
139.039 1.927 138.309 1.392 56.032 0.322 -594.986
137.922 1.187 139.738 0.994 56.640 0.302 -582.234
136.502 1.197 141.574 0.870 57.233 0.314 -567.136
135.348 1.400 143.139 0.743 57.876 0.375 -555.312
134.173 1.198 144.676 0.771 58.626 0.315 -544.553
132.649 1.399 146.118 0.778 59.481 0.343 -535.182
131.085 1.063 147.647 0.752 60.333 0.336 -525.943
129.814 1.516 149.023 0.769 61.281 0.398 -518.212
128.065 1.371 150.168 0.662 62.160 0.348 -512.171
126.470 1.886 151.775 1.040 63.278 0.384 -504.257
123.929 1.510 152.658 0.751 64.325 0.370 -500.178
122.093 1.531 153.919 0.803 65.524 0.346 -494.669
120.566 1.621 154.926 0.644 66.566 0.416 -490.526
---
152.570 0.600 101.997 0.513 59.515 0.327 -2137.517
151.757 0.827 103.840 0.573 58.801 0.323 -1857.328
151.273 1.031 105.537 0.659 58.125 0.340 -1658.746
150.934 1.069 107.334 0.738 57.434 0.291 -1491.242
150.166 0.962 109.264 0.754 56.853 0.321 -1346.655
149.608 1.018 110.947 0.857 56.388 0.303 -1242.806
148.887 0.967 112.824 0.761 55.960 0.309 -1145.411
148.090 0.941 114.783 0.932 55.679 0.294 -1059.904
147.368 1.198 116.739 0.982 55.306 0.288 -987.503
146.752 0.953 118.354 0.817 55.182 0.299 -935.520
145.932 0.930 120.481 0.788 54.979 0.286 -875.886
145.050 1.107 122.502 0.824 54.868 0.282 -826.859
144.313 1.153 124.438 1.027 54.918 0.297 -785.654
143.337 1.064 126.355 0.764 54.982 0.279 -749.510
142.548 1.061 128.233 0.744 55.083 0.277 -717.938
141.658 1.009 129.983 0.799 55.317 0.274 -691.460
140.554 1.243 131.894 0.770 55.645 0.283 -665.370
139.178 1.128 133.707 0.750 56.019 0.290 -643.003
138.235 1.539 135.366 0.794 56.400 0.322 -624.362
137.252 1.022 137.286 1.065 56.928 0.307 -604.698
136.023 1.065 138.873 0.706 57.465 0.303 -589.843
134.592 1.194 140.379 0.822 58.113 0.315 -576.800
133.291 1.236 142.056 0.779 58.815 0.334 -563.393
131.915 1.270 143.499 0.799 59.562 0.340 -552.717
130.407 1.375 145.031 0.752 60.420 0.315 -542.185
128.903 1.107 146.467 0.719 61.168 0.331 -533.009
127.607 1.490 147.774 0.931 62.029 0.391 -525.208
125.878 1.514 149.008 0.772 63.063 0.365 -518.291
124.161 1.386 150.311 0.709 64.127 0.423 -511.439
122.311 1.182 151.398 0.631 65.189 0.402 -506.054
120.613 1.331 152.433 0.781 66.299 0.393 -501.202
118.631 1.801 153.587 0.627 67.323 0.498 -496.086
---
150.818 0.632 101.892 0.526 60.433 0.361 -2156.141
150.334 0.675 103.636 0.656 59.651 0.351 -1884.563
149.628 1.009 105.405 0.964 59.062 0.320 -1672.542
149.101 1.012 107.089 1.479 58.387 0.315 -1511.956
148.413 0.926 108.806 0.813 57.827 0.355 -1378.235
147.796 0.949 110.683 0.661 57.403 0.288 -1257.932
147.159 1.195 112.667 0.948 56.853 0.311 -1152.898
146.363 0.961 114.464 0.835 56.629 0.321 -1072.871
145.577 1.008 116.260 0.753 56.380 0.299 -1004.204
144.839 1.026 118.041 0.772 56.124 0.286 -945.110
144.244 1.094 120.009 0.754 55.966 0.298 -888.349
143.217 1.033 121.994 0.702 55.873 0.298 -838.574
142.407 1.223 123.708 0.703 55.918 0.278 -800.604
141.273 1.019 125.634 0.808 55.990 0.308 -762.605
140.541 0.978 127.301 0.706 56.103 0.294 -733.159
139.528 0.995 129.208 0.906 56.310 0.299 -702.847
138.385 1.125 131.060 0.763 56.628 0.288 -676.409
137.439 1.031 132.653 0.843 57.012 0.321 -655.741
136.190 1.048 134.689 0.837 57.438 0.307 -631.771
135.266 0.918 136.312 0.739 57.845 0.285 -614.433
133.942 1.061 137.822 0.822 58.488 0.301 -599.543
132.535 1.230 139.240 0.736 59.068 0.367 -586.570
131.474 1.688 140.933 0.847 59.742 0.353 -572.254
129.871 1.304 142.359 0.753 60.460 0.333 -561.091
128.579 1.176 143.954 0.830 61.222 0.320 -549.503
126.843 1.501 145.389 0.840 62.220 0.348 -539.838
125.542 1.518 146.734 0.792 63.034 0.370 -531.373
123.895 1.273 147.632 1.147 63.970 0.375 -526.029
122.202 1.318 149.119 0.793 64.988 0.424 -517.691
120.942 1.201 150.197 0.627 65.914 0.423 -512.021
118.375 1.401 151.173 0.669 66.975 0.330 -507.144
116.890 1.340 152.400 0.650 68.122 0.406 -501.353
---
149.265 0.693 101.560 0.498 61.416 0.361 -2217.097
148.501 0.747 103.402 0.534 60.709 0.349 -1916.917
148.096 0.759 105.126 0.694 59.983 0.316 -1702.658
147.475 0.838 106.905 0.640 59.386 0.355 -1527.897
146.689 0.862 108.405 0.785 58.915 0.307 -1407.227
145.914 0.917 110.307 0.724 58.428 0.298 -1280.223
145.246 1.076 112.046 0.910 57.979 0.338 -1183.694
144.499 0.997 113.964 0.814 57.653 0.364 -1093.885
143.765 1.003 115.741 0.883 57.337 0.327 -1023.013
143.043 1.063 117.538 0.760 57.177 0.351 -961.003
142.202 0.973 119.270 0.718 57.037 0.329 -908.739
141.303 1.141 121.108 0.734 57.002 0.338 -859.952
140.439 1.071 122.998 0.782 56.963 0.312 -815.805
139.534 1.215 124.904 0.783 57.016 0.321 -776.465
138.495 0.920 126.426 0.839 57.205 0.314 -748.245
137.506 0.987 128.454 0.867 57.398 0.318 -714.442
136.505 1.201 130.082 0.790 57.758 0.326 -690.032
135.675 1.413 131.743 0.800 58.000 0.296 -667.325
134.566 1.068 133.512 0.727 58.418 0.365 -645.310
133.075 1.105 135.289 0.679 58.933 0.334 -625.187
132.353 1.076 136.844 0.721 59.373 0.335 -609.052
130.541 1.105 138.371 0.868 60.026 0.365 -594.413
129.732 1.215 139.777 0.698 60.671 0.355 -581.897
128.322 1.299 141.169 0.810 61.427 0.365 -570.345
126.645 1.044 142.802 0.794 62.239 0.351 -557.782
125.346 1.235 144.167 0.586 63.038 0.350 -548.026
123.580 1.340 145.387 0.659 64.010 0.429 -539.851
121.848 1.314 146.799 0.823 64.925 0.329 -530.979
120.729 1.450 147.963 0.892 65.873 0.418 -524.123
118.896 1.120 149.005 0.687 66.846 0.380 -518.307
117.203 1.176 150.082 0.724 67.890 0.391 -512.611
115.558 1.068 151.066 0.752 69.057 0.366 -507.669
