phi std_phi theta std_theta rho std_rho effective thickness
---
-66.147 1.232 151.669 0.664 69.457 0.444 -504.760
-64.347 1.284 150.418 0.691 68.294 0.396 -510.893
-62.592 1.102 149.479 0.727 67.136 0.365 -515.761
-60.613 1.463 148.407 0.730 66.061 0.400 -521.607
-59.059 1.307 147.159 0.854 65.139 0.377 -528.818
-57.328 1.254 146.057 0.773 64.082 0.435 -535.565
-56.111 1.388 144.710 0.692 63.298 0.394 -544.325
-54.282 1.252 143.430 0.690 62.289 0.394 -553.208
-52.989 1.336 141.943 0.743 61.559 0.339 -564.265
-51.482 1.110 140.352 0.649 60.718 0.400 -577.032
-50.038 1.131 139.083 0.811 60.050 0.358 -587.960
-49.018 1.180 137.551 0.807 59.499 0.357 -602.134
-47.566 1.059 135.821 0.728 58.875 0.348 -619.517
-46.535 1.008 134.302 0.859 58.345 0.321 -636.133
-45.358 1.090 132.772 0.657 57.885 0.326 -654.264
-44.345 1.157 130.956 0.848 57.532 0.334 -677.819
-43.154 1.241 128.744 2.689 57.197 0.301 -709.916
-42.249 1.098 127.393 0.862 56.977 0.291 -731.632
-41.033 0.955 125.661 0.729 56.827 0.326 -762.113
-40.137 1.413 123.889 1.016 56.656 0.314 -796.834
-39.204 1.011 122.154 0.930 56.645 0.317 -834.831
-38.308 0.989 120.105 0.824 56.639 0.288 -885.784
-37.523 0.983 118.246 0.830 56.767 0.323 -938.824
-36.672 1.003 116.650 0.889 57.003 0.351 -990.547
-36.055 1.002 114.547 0.803 57.275 0.326 -1069.490
-35.295 0.844 112.838 0.820 57.441 0.329 -1144.731
-34.582 1.081 111.004 0.822 57.953 0.315 -1239.544
-33.796 0.983 109.073 0.867 58.353 0.334 -1359.649
-33.211 1.008 107.294 0.783 58.862 0.348 -1494.543
-32.614 0.938 105.755 0.658 59.512 0.327 -1636.309
-31.728 0.772 104.058 0.595 60.050 0.362 -1829.109
-31.231 0.627 102.213 0.480 60.826 0.312 -2100.236
---
-64.727 1.143 152.891 0.670 68.559 0.370 -499.133
-62.500 1.452 151.871 0.669 67.329 0.483 -503.804
-60.703 1.428 150.731 0.667 66.304 0.403 -509.322
-59.009 1.081 149.705 0.671 65.239 0.378 -514.571
-57.182 1.308 148.604 0.698 64.112 0.392 -520.507
-55.493 1.265 147.316 0.810 63.154 0.421 -527.884
-54.194 1.285 145.944 0.644 62.279 0.395 -536.279
-52.331 1.332 144.664 1.089 61.339 0.343 -544.638
-50.993 1.070 143.010 0.683 60.569 0.390 -556.253
-49.821 1.265 141.790 0.782 59.809 0.393 -565.447
-48.154 1.153 140.147 0.807 59.041 0.334 -578.745
-46.930 1.360 138.636 0.761 58.403 0.345 -591.983
-45.811 1.085 136.908 0.854 57.819 0.318 -608.415
-44.897 1.636 135.331 0.816 57.411 0.313 -624.737
-43.157 2.086 133.682 1.328 56.881 0.290 -643.305
-42.366 1.106 131.823 0.777 56.477 0.361 -666.279
-41.402 1.097 130.049 0.815 56.210 0.273 -690.503
-40.270 1.123 128.240 0.771 55.925 0.285 -717.819
-39.360 0.991 126.395 0.835 55.775 0.307 -748.807
-38.338 1.798 124.424 0.792 55.656 0.281 -785.947
-37.417 0.983 122.672 0.739 55.591 0.301 -823.044
-36.634 1.102 120.823 0.882 55.614 0.301 -867.110
-35.411 2.267 118.763 1.204 55.745 0.284 -923.347
-34.920 1.078 117.001 0.697 55.884 0.300 -978.622
-34.236 1.152 115.064 0.780 56.165 0.325 -1048.789
-33.450 1.092 113.115 0.830 56.511 0.333 -1131.731
-32.673 1.135 111.532 0.810 56.802 0.320 -1210.579
-32.123 0.919 109.527 0.779 57.371 0.347 -1329.228
-31.553 1.083 107.648 0.715 57.838 0.333 -1465.528
-30.582 1.022 106.010 0.655 58.437 0.322 -1610.953
-30.319 0.882 104.371 0.617 59.047 0.324 -1790.133
-29.600 0.725 102.464 0.517 59.777 0.297 -2058.549
---
-62.883 1.561 154.273 0.805 67.762 0.379 -493.188
-60.550 1.893 153.336 0.727 66.431 0.408 -497.172
-58.814 1.339 151.986 0.656 65.353 0.385 -503.268
-57.136 1.386 150.814 0.600 64.361 0.433 -508.912
-55.672 1.461 149.568 0.755 63.293 0.398 -515.289
-53.605 1.384 148.483 0.724 62.294 0.383 -521.180
-52.346 1.396 147.063 0.848 61.365 0.375 -529.390
-50.818 1.084 145.717 0.733 60.493 0.327 -537.719
-49.109 1.613 144.106 0.814 59.596 0.360 -548.449
-47.703 1.199 142.747 0.805 58.843 0.325 -558.187
-46.130 1.023 141.286 0.653 58.069 0.340 -569.414
-45.158 1.186 139.609 0.667 57.516 0.339 -583.348
-43.596 1.809 137.668 1.145 56.875 0.351 -601.012
-42.437 1.241 136.234 0.788 56.345 0.344 -615.229
-41.355 1.017 134.593 0.931 55.895 0.310 -632.846
-40.320 1.374 132.683 0.740 55.504 0.311 -655.366
-39.168 2.293 130.968 0.772 55.192 0.284 -677.655
-38.245 1.049 129.093 0.907 54.905 0.282 -704.595
-37.260 1.090 127.105 0.792 54.699 0.294 -736.478
-36.215 1.114 125.161 0.824 54.564 0.262 -771.515
-35.553 1.000 123.223 0.810 54.593 0.314 -810.914
-34.715 1.038 121.468 0.716 54.574 0.256 -851.109
-33.958 1.093 119.531 0.784 54.756 0.294 -901.401
-32.919 1.025 117.242 1.251 54.842 0.275 -970.602
-32.452 1.034 115.701 0.799 55.173 0.293 -1024.507
-31.369 1.024 113.471 0.854 55.503 0.311 -1115.539
-30.927 1.148 111.905 1.025 55.851 0.299 -1190.920
-30.276 0.945 109.861 0.681 56.359 0.299 -1307.764
-29.672 1.028 108.225 0.912 56.804 0.305 -1420.644
-29.017 0.891 106.113 0.719 57.473 0.358 -1600.883
-28.442 0.783 104.480 0.680 58.148 0.319 -1776.866
-27.747 0.677 102.691 0.558 58.808 0.293 -2022.438
---
-60.843 1.748 155.405 0.662 66.788 0.410 -488.634
-58.706 1.670 154.461 0.765 65.651 0.433 -492.414
-57.006 1.732 153.280 0.779 64.661 0.376 -497.417
-55.065 1.748 152.190 0.744 63.394 0.341 -502.318
-53.563 1.509 150.985 0.739 62.454 0.406 -508.064
-51.922 1.560 149.856 0.681 61.482 0.378 -513.781
-49.677 1.300 148.361 0.828 60.467 0.373 -521.864
-48.350 1.414 146.822 0.606 59.561 0.346 -530.841
-46.916 1.321 145.530 0.796 58.809 0.351 -538.923
-45.824 3.434 143.301 4.547 57.947 0.327 -554.139
-44.089 1.747 142.564 0.730 57.256 0.314 -559.549
-42.775 1.405 140.619 0.805 56.562 0.296 -574.817
-41.178 1.120 138.832 0.710 55.914 0.293 -590.206
-40.515 1.133 137.189 0.826 55.439 0.302 -605.643
-39.157 1.162 135.450 0.775 54.937 0.295 -623.455
-38.085 1.099 133.681 0.818 54.504 0.294 -643.313
-37.141 1.138 131.711 0.770 54.219 0.276 -667.751
-35.990 1.260 129.882 0.927 53.915 0.256 -692.914
-35.101 1.193 127.827 0.814 53.758 0.322 -724.466
-34.194 1.023 125.905 0.836 53.669 0.277 -757.623
-33.530 1.149 124.142 0.773 53.572 0.267 -791.634
-32.575 1.041 122.000 0.835 53.618 0.255 -838.431
-31.714 1.127 120.019 0.775 53.756 0.254 -888.080
-31.545 5.131 117.842 1.558 53.939 0.278 -951.329
-30.375 1.048 115.965 0.818 54.212 0.282 -1014.786
-29.480 1.002 114.089 0.855 54.500 0.295 -1088.563
-28.915 1.148 112.181 0.857 54.920 0.280 -1176.869
-28.266 0.910 110.128 0.978 55.348 0.290 -1291.146
-27.557 0.858 108.408 0.782 55.870 0.301 -1407.016
-27.280 1.059 106.558 0.738 56.525 0.301 -1559.060
-26.708 0.864 104.809 0.657 57.194 0.310 -1738.224
-26.149 0.903 103.005 0.779 57.931 0.329 -1974.393
---
-59.147 1.746 156.610 0.726 66.214 0.406 -484.081
-56.413 1.555 155.647 0.695 64.955 0.411 -487.693
-54.871 1.519 154.498 0.608 63.858 0.386 -492.260
-52.840 1.801 153.565 0.997 62.735 0.386 -496.180
-51.434 1.480 152.250 0.728 61.826 0.374 -502.043
-49.108 1.973 150.859 0.904 60.682 0.390 -508.687
-47.428 1.481 149.515 0.765 59.745 0.401 -515.570
-45.722 1.224 148.157 0.668 58.699 0.283 -523.016
-44.629 1.464 146.614 0.814 57.943 0.328 -532.106
-43.130 1.291 144.958 0.791 57.109 0.316 -542.670
-41.695 1.352 143.386 0.905 56.372 0.297 -553.529
-40.542 1.554 141.832 0.792 55.759 0.326 -565.123
-39.213 1.318 140.054 0.707 55.113 0.323 -579.533
-37.995 1.169 138.215 0.861 54.549 0.286 -595.860
-36.838 1.492 136.224 0.780 54.034 0.267 -615.331
-35.698 1.287 134.457 0.871 53.645 0.286 -634.378
-34.742 1.138 132.462 0.883 53.303 0.260 -658.125
-34.040 1.150 130.678 0.776 53.078 0.262 -681.645
-33.012 1.170 128.740 0.840 52.869 0.264 -709.978
-32.122 1.142 126.713 0.875 52.762 0.256 -743.215
-31.291 1.046 124.726 0.855 52.662 0.253 -779.940
-30.425 1.111 122.500 0.724 52.774 0.250 -826.922
-29.720 1.332 120.302 1.449 52.834 0.259 -880.583
-28.983 1.073 118.604 1.296 53.045 0.255 -928.049
-28.226 0.988 116.478 0.779 53.287 0.256 -996.530
-27.814 1.109 114.587 0.925 53.671 0.236 -1067.852
-26.994 0.944 112.429 0.789 54.027 0.296 -1164.510
-26.416 1.125 110.397 0.730 54.533 0.256 -1274.824
-25.703 0.994 108.651 0.837 55.061 0.274 -1389.295
-25.460 0.976 106.752 0.837 55.702 0.308 -1541.472
-24.688 0.908 105.006 0.735 56.333 0.293 -1716.000
-24.038 1.188 103.184 1.349 57.075 0.342 -1948.049
---
-56.213 4.472 158.145 1.154 65.621 0.380 -478.704
-54.519 1.741 157.032 0.646 64.342 0.400 -482.557
-52.485 1.717 156.076 0.721 63.130 0.425 -486.061
-50.246 1.811 154.605 0.789 62.021 0.389 -491.823
-48.674 1.856 153.470 0.736 60.967 0.379 -496.590
-46.820 2.123 152.203 0.979 59.942 0.373 -502.260
-44.846 1.611 150.740 0.689 58.983 0.339 -509.279
-43.400 1.561 149.246 0.679 58.023 0.314 -517.006
-41.869 1.558 147.563 0.736 57.137 0.338 -526.435
-40.342 1.667 146.114 0.759 56.359 0.325 -535.203
-39.372 1.290 144.405 0.778 55.629 0.285 -546.395
-37.885 1.380 142.716 0.639 54.869 0.289 -558.414
-36.722 1.064 140.824 0.748 54.342 0.264 -573.134
-35.338 1.251 139.068 0.729 53.734 0.259 -588.100
-34.341 1.314 137.239 0.849 53.264 0.241 -605.158
-33.507 1.218 135.301 0.876 52.848 0.241 -625.061
-32.551 1.461 133.322 0.925 52.479 0.249 -647.572
-31.532 1.218 131.292 0.775 52.215 0.250 -673.287
-30.551 1.266 129.307 0.732 52.018 0.239 -701.367
-29.941 1.107 127.209 0.789 51.944 0.222 -734.707
-28.760 1.095 125.110 0.896 51.846 0.262 -772.496
-28.126 1.106 123.206 0.882 51.856 0.232 -811.275
-27.571 0.899 121.160 0.762 52.026 0.234 -858.678
-26.788 0.966 119.095 0.697 52.185 0.240 -913.713
-26.235 1.080 116.935 0.680 52.467 0.247 -980.854
-25.600 1.059 114.924 0.906 52.805 0.281 -1054.314
-24.928 1.002 112.735 0.777 53.254 0.265 -1149.638
-24.410 1.116 110.978 0.872 53.690 0.266 -1241.039
-23.834 0.905 108.927 0.787 54.280 0.278 -1369.738
-23.282 1.129 107.123 0.996 54.883 0.275 -1509.057
-22.813 0.904 105.318 0.820 55.564 0.295 -1681.790
-22.292 0.764 103.386 0.552 56.263 0.293 -1919.168
---
-54.292 1.685 159.177 0.770 64.873 0.336 -475.348
-51.980 1.832 158.410 0.784 63.677 0.395 -477.824
-49.669 1.548 157.275 0.878 62.602 0.361 -481.695
-47.663 1.709 155.905 0.738 61.473 0.393 -486.706
-45.055 1.836 154.530 0.757 60.252 0.372 -492.129
-43.913 1.804 153.387 0.844 59.268 0.379 -496.951
-42.252 1.589 152.026 0.725 58.297 0.333 -503.080
-40.493 2.318 150.316 1.126 57.315 0.316 -511.412
-38.938 1.867 148.868 0.970 56.436 0.304 -519.055
-37.527 1.421 146.833 0.753 55.585 0.319 -530.774
-36.467 1.438 145.468 0.712 54.895 0.276 -539.324
-35.274 1.434 143.702 0.817 54.197 0.256 -551.277
-33.691 1.586 141.900 0.841 53.537 0.270 -564.592
-32.564 1.355 140.060 0.684 52.961 0.258 -579.486
-31.551 1.268 137.892 0.906 52.449 0.252 -598.885
-30.951 1.304 136.184 0.929 52.052 0.251 -615.740
-29.793 1.301 134.246 0.760 51.680 0.233 -636.768
-28.848 1.189 132.088 0.887 51.409 0.215 -662.865
-28.028 1.339 129.964 1.030 51.232 0.240 -691.732
-27.430 1.334 128.030 0.888 51.114 0.234 -721.173
-26.767 1.377 125.826 0.968 51.115 0.210 -759.056
-25.936 1.228 123.687 0.879 51.071 0.206 -801.042
-25.369 0.897 121.570 0.995 51.253 0.223 -848.642
-24.664 1.054 119.577 0.883 51.398 0.233 -900.144
-23.968 1.059 117.337 0.710 51.705 0.249 -967.515
-23.269 1.136 115.242 0.815 52.047 0.238 -1041.893
-22.738 1.033 113.235 0.802 52.489 0.250 -1126.240
-22.252 1.010 111.251 0.823 52.947 0.243 -1225.789
-21.769 1.064 109.067 0.890 53.517 0.280 -1360.048
-21.399 0.914 107.173 0.856 54.174 0.288 -1504.793
-20.709 0.939 105.347 0.655 54.814 0.274 -1678.779
-20.363 0.863 103.681 0.709 55.558 0.309 -1878.457
---
-50.582 2.353 160.562 0.794 64.326 0.375 -471.156
-48.742 2.035 159.679 0.709 63.038 0.359 -473.789
-46.534 1.771 158.388 0.654 61.975 0.394 -477.897
-44.307 2.224 156.975 0.826 60.819 0.350 -482.759
-42.570 1.884 155.777 0.813 59.735 0.343 -487.196
-41.029 1.810 154.531 0.711 58.683 0.317 -492.126
-38.738 1.555 152.789 0.786 57.581 0.340 -499.592
-37.909 1.709 151.349 0.670 56.745 0.335 -506.291
-35.852 1.690 149.895 0.763 55.815 0.300 -513.578
-34.439 1.743 148.187 0.837 54.991 0.290 -522.846
-33.489 1.406 146.506 0.701 54.227 0.254 -532.768
-31.925 1.563 144.615 0.809 53.481 0.283 -544.968
-31.252 1.671 142.714 0.865 52.862 0.247 -558.435
-30.230 1.614 140.832 0.932 52.313 0.243 -573.072
-29.024 1.286 139.041 0.801 51.803 0.257 -588.339
-28.052 1.136 136.952 0.881 51.364 0.224 -607.979
-27.166 1.338 134.942 0.841 51.003 0.222 -628.971
-26.438 1.293 132.635 0.887 50.745 0.198 -655.968
-25.544 1.249 130.610 0.780 50.551 0.208 -682.583
-24.792 1.096 128.438 0.863 50.417 0.199 -714.696
-24.278 1.737 126.389 1.063 50.424 0.192 -748.903
-23.430 1.188 124.265 0.847 50.409 0.192 -789.135
-22.783 1.232 121.995 0.832 50.542 0.208 -838.545
-22.380 1.216 119.926 0.905 50.725 0.211 -890.591
-21.455 1.292 117.853 1.381 51.004 0.219 -950.980
-21.038 1.131 115.586 0.769 51.354 0.233 -1028.803
-20.572 1.080 113.545 0.761 51.785 0.239 -1112.238
-20.224 1.015 111.433 0.771 52.306 0.229 -1215.906
-19.705 1.139 109.380 0.750 52.877 0.262 -1338.900
-19.301 1.051 107.424 0.829 53.501 0.268 -1483.758
-18.891 1.026 105.545 0.801 54.241 0.290 -1657.871
-18.285 0.752 103.639 0.627 54.939 0.284 -1884.253
---
-47.777 1.785 161.966 0.779 63.906 0.410 -467.254
-44.917 2.358 160.774 0.667 62.587 0.395 -470.543
-42.544 2.012 159.471 0.713 61.428 0.348 -474.427
-40.672 2.060 158.282 0.748 60.307 0.365 -478.246
-38.435 1.807 156.941 0.581 59.096 0.349 -482.882
-37.164 1.641 155.429 0.751 58.078 0.326 -488.540
-35.170 1.620 153.807 0.748 57.029 0.339 -495.145
-33.948 1.540 152.389 0.825 56.119 0.259 -501.405
-32.425 1.681 150.711 0.982 55.224 0.292 -509.425
-31.124 1.984 149.137 0.830 54.372 0.293 -517.590
-29.696 3.835 147.152 1.327 53.584 0.261 -528.858
-28.838 1.549 145.449 0.800 52.873 0.257 -539.445
-28.177 4.281 143.342 1.064 52.216 0.225 -553.844
-26.866 1.498 141.713 1.116 51.664 0.217 -566.047
-26.045 1.700 139.562 0.803 51.170 0.237 -583.756
-25.164 1.596 137.575 0.995 50.724 0.192 -601.904
-24.271 1.244 135.461 0.852 50.371 0.192 -623.345
-23.597 1.185 133.280 0.865 50.107 0.175 -648.085
-23.150 1.193 131.157 0.887 49.941 0.194 -675.099
-22.302 1.205 129.064 0.820 49.807 0.164 -705.032
-21.531 1.031 126.704 0.979 49.734 0.174 -743.371
-20.965 1.131 124.789 1.048 49.761 0.184 -778.724
-20.449 1.204 122.451 0.813 49.895 0.163 -828.022
-19.804 1.132 120.215 0.855 50.133 0.201 -882.863
-19.279 1.033 118.262 0.839 50.354 0.202 -938.326
-18.812 1.191 116.058 0.842 50.714 0.208 -1011.413
-18.219 0.945 113.749 0.985 51.183 0.228 -1103.211
-17.815 1.322 111.734 0.846 51.636 0.237 -1199.864
-17.363 1.194 109.585 1.151 52.255 0.228 -1325.487
-17.269 1.168 107.571 0.799 52.885 0.232 -1471.762
-16.932 0.981 105.662 0.596 53.625 0.247 -1645.775
-16.341 0.800 103.746 0.606 54.370 0.285 -1869.799
---
-43.174 2.526 163.228 0.712 63.449 0.406 -464.041
-40.657 2.226 162.069 0.848 62.181 0.363 -466.984
-38.653 1.973 160.727 0.813 61.000 0.337 -470.679
-35.874 2.047 159.351 0.631 59.727 0.349 -474.802
-34.715 2.071 157.880 0.785 58.615 0.334 -479.599
-33.434 1.874 156.717 0.640 57.693 0.334 -483.692
-31.880 1.720 154.921 0.935 56.599 0.270 -490.548
-30.453 1.842 153.398 0.778 55.647 0.306 -496.901
-29.118 1.714 151.724 0.847 54.751 0.299 -504.497
-27.693 1.779 150.106 1.056 53.839 0.277 -512.488
-26.867 1.562 147.994 0.953 53.093 0.288 -523.944
-25.772 1.475 146.078 0.754 52.370 0.250 -535.430
-24.677 1.454 144.278 0.814 51.711 0.238 -547.262
-23.794 1.796 142.336 1.407 51.136 0.227 -561.261
-22.776 2.081 140.306 0.877 50.620 0.209 -577.412
-22.054 1.421 138.183 0.881 50.173 0.190 -596.152
-21.506 1.261 136.226 0.822 49.852 0.183 -615.310
-20.689 1.454 134.178 0.871 49.554 0.164 -637.544
-20.233 1.529 131.751 1.169 49.336 0.156 -667.217
-19.377 1.181 129.479 0.814 49.219 0.149 -698.808
-19.011 1.089 127.486 0.815 49.175 0.147 -730.077
-18.466 1.246 125.278 1.033 49.228 0.149 -769.298
-17.842 1.177 122.899 0.867 49.321 0.159 -818.000
-17.393 1.195 120.714 0.865 49.532 0.169 -869.895
-16.856 2.534 118.513 1.544 49.821 0.163 -930.752
-16.369 1.387 116.259 1.137 50.166 0.172 -1004.235
-16.005 0.999 114.163 0.898 50.589 0.205 -1085.437
-15.562 0.986 111.920 0.851 51.111 0.209 -1190.163
-15.569 1.088 109.767 0.946 51.717 0.222 -1313.762
-14.963 1.464 107.782 0.881 52.362 0.243 -1454.871
-14.888 0.888 105.904 0.805 53.096 0.266 -1621.376
-14.275 0.745 103.933 0.663 53.825 0.280 -1845.230
---
-38.302 2.253 164.327 0.754 63.053 0.371 -461.458
-35.999 2.133 162.855 0.617 61.748 0.391 -464.962
-34.611 2.496 161.731 0.742 60.579 0.375 -467.882
-31.870 2.056 160.360 0.786 59.379 0.333 -471.744
-30.239 2.454 158.950 0.693 58.237 0.322 -476.068
-28.801 2.055 157.469 0.753 57.256 0.335 -481.014
-27.382 2.039 155.895 0.804 56.156 0.299 -486.745
-26.398 1.897 154.119 0.768 55.216 0.306 -493.831
-24.851 1.928 152.534 0.783 54.299 0.289 -500.740
-24.273 1.793 150.680 0.762 53.414 0.274 -509.578
-22.847 1.527 148.903 0.893 52.596 0.256 -518.865
-22.129 1.742 147.050 0.786 51.916 0.228 -529.466
-21.137 1.504 145.168 0.773 51.245 0.205 -541.280
-20.502 1.613 143.100 0.776 50.680 0.204 -555.591
-19.751 1.514 141.141 0.912 50.160 0.192 -570.570
-18.779 2.334 138.975 1.040 49.735 0.173 -588.930
-18.471 1.256 136.549 0.858 49.338 0.155 -612.014
-17.879 1.430 134.623 0.997 49.067 0.157 -632.512
-17.034 1.363 132.207 0.803 48.834 0.142 -661.340
-16.682 1.379 129.997 0.875 48.706 0.124 -691.252
-16.154 1.206 127.688 0.836 48.686 0.137 -726.737
-15.948 1.367 125.616 1.009 48.736 0.139 -762.952
-15.175 1.258 123.227 0.840 48.839 0.121 -810.837
-14.998 1.204 120.824 1.063 49.071 0.148 -867.101
-14.368 1.126 118.689 1.146 49.326 0.161 -925.517
-14.057 1.088 116.523 0.903 49.691 0.178 -994.949
-13.750 1.088 114.365 0.888 50.100 0.189 -1076.949
-13.466 1.172 112.169 0.947 50.645 0.195 -1177.455
-13.185 0.988 110.096 0.907 51.218 0.220 -1293.099
-12.919 1.001 108.005 0.840 51.882 0.233 -1437.435
-12.516 1.015 106.082 0.757 52.598 0.261 -1603.925
-11.993 0.897 103.997 0.656 53.411 0.256 -1836.962
---
-32.705 3.047 165.055 0.925 62.661 0.366 -459.854
-30.449 2.837 164.139 0.768 61.440 0.343 -461.886
-28.548 2.622 162.736 0.670 60.208 0.358 -465.262
-27.249 2.350 161.343 0.616 59.034 0.364 -468.943
-25.418 2.276 159.636 0.795 57.855 0.297 -473.919
-24.511 2.234 158.298 0.834 56.869 0.340 -478.196
-22.958 2.416 156.528 0.733 55.807 0.276 -484.380
-22.129 1.995 155.020 0.989 54.835 0.283 -490.150
-20.990 1.854 152.959 0.855 53.836 0.265 -498.832
-20.214 1.858 151.264 0.802 52.989 0.246 -506.702
-19.137 1.800 149.559 0.814 52.274 0.246 -515.340
-18.401 1.754 147.727 0.839 51.515 0.237 -525.482
-17.661 1.933 145.592 0.858 50.853 0.197 -538.521
-16.512 3.719 143.680 1.469 50.277 0.186 -551.428
-16.702 1.752 141.479 0.886 49.779 0.174 -567.883
-15.821 1.420 139.336 1.111 49.294 0.167 -585.730
-14.963 1.339 137.133 0.770 48.904 0.151 -606.193
-14.765 1.423 135.037 0.898 48.649 0.118 -627.927
-14.242 1.492 132.730 0.997 48.435 0.122 -654.782
-13.945 1.194 130.446 0.865 48.324 0.107 -684.880
-13.312 1.299 128.158 0.895 48.264 0.111 -719.132
-12.973 1.228 125.937 0.808 48.300 0.111 -757.029
-12.341 1.219 123.542 0.967 48.424 0.111 -804.102
-12.288 1.113 121.253 0.851 48.639 0.128 -856.371
-11.726 1.074 118.919 0.859 48.934 0.147 -918.779
-11.742 1.024 116.651 0.791 49.312 0.155 -990.499
-11.363 1.245 114.636 0.847 49.731 0.174 -1065.840
-11.121 1.083 112.481 1.045 50.262 0.190 -1161.929
-10.706 1.035 110.243 0.924 50.836 0.208 -1284.089
-10.296 1.033 108.166 0.887 51.494 0.243 -1425.090
-10.246 0.903 106.212 0.867 52.228 0.239 -1591.406
-10.062 0.831 104.051 0.609 53.053 0.242 -1829.958
---
-26.773 3.264 165.773 0.701 62.327 0.387 -458.358
-24.748 2.978 164.988 0.776 61.229 0.361 -459.999
-23.721 2.424 163.397 0.752 60.045 0.336 -463.629
-21.980 2.407 162.089 0.762 58.892 0.366 -466.930
-20.659 2.466 160.360 0.754 57.608 0.307 -471.746
-19.806 1.900 158.869 0.753 56.575 0.329 -476.330
-18.459 2.233 157.341 0.767 55.575 0.304 -481.463
-17.143 1.908 155.589 0.737 54.568 0.266 -487.919
-16.844 2.353 153.842 0.824 53.617 0.273 -494.997
-16.243 1.567 151.959 0.897 52.814 0.237 -503.391
-15.289 1.867 150.044 0.795 51.980 0.223 -512.806
-14.281 1.805 148.240 1.096 51.195 0.226 -522.543
-14.136 1.830 146.050 0.810 50.546 0.187 -535.608
-13.401 1.702 144.039 1.068 49.929 0.176 -548.911
-12.838 1.478 141.983 0.825 49.416 0.168 -563.958
-12.335 1.289 139.704 0.836 48.973 0.153 -582.527
-11.977 1.458 137.592 0.910 48.617 0.117 -601.736
-11.370 1.433 135.293 0.885 48.316 0.114 -625.142
-11.306 1.353 132.996 0.878 48.123 0.085 -651.517
-10.671 1.242 130.800 0.819 47.976 0.085 -679.961
-10.744 1.496 128.540 1.107 47.947 0.080 -713.099
-10.036 1.476 126.191 0.878 47.979 0.086 -752.444
-9.790 1.289 123.835 0.923 48.094 0.095 -797.950
-9.481 1.155 121.401 0.847 48.309 0.114 -852.744
-9.169 1.018 119.312 0.780 48.580 0.124 -907.536
-9.143 1.056 116.926 0.832 48.979 0.135 -981.139
-8.655 1.044 114.681 0.859 49.406 0.160 -1064.028
-8.545 1.051 112.536 0.891 49.923 0.176 -1159.237
-8.416 1.024 110.389 0.958 50.532 0.207 -1275.311
-8.126 1.003 108.204 0.717 51.204 0.200 -1422.228
-7.969 1.133 106.202 0.806 51.916 0.235 -1592.361
-7.742 0.834 104.200 0.654 52.751 0.234 -1811.214
---
-20.760 3.143 166.843 0.703 62.300 0.383 -456.278
-18.206 2.702 165.434 0.732 60.953 0.370 -459.055
-17.673 3.011 163.947 0.872 59.756 0.341 -462.327
-16.051 2.653 162.422 0.737 58.482 0.322 -466.061
-15.114 2.420 161.043 0.748 57.457 0.316 -469.780
-14.407 2.567 159.293 0.738 56.363 0.315 -474.982
-13.896 2.645 157.713 0.974 55.343 0.301 -480.172
-13.046 2.144 156.129 0.701 54.328 0.284 -485.861
-12.319 2.033 154.235 0.854 53.406 0.251 -493.346
-11.357 1.923 152.517 1.018 52.518 0.255 -500.817
-11.055 2.113 150.528 0.907 51.723 0.243 -510.339
-10.486 1.680 148.586 0.841 50.984 0.206 -520.609
-10.381 1.620 146.561 0.858 50.329 0.184 -532.433
-9.798 1.729 144.507 0.849 49.718 0.170 -545.700
-9.362 1.569 142.245 1.035 49.203 0.156 -561.950
-8.943 1.431 140.062 0.894 48.733 0.129 -579.463
-8.742 1.565 137.901 1.049 48.361 0.119 -598.800
-8.117 1.460 135.605 0.864 48.060 0.096 -621.808
-8.075 1.340 133.431 0.946 47.860 0.079 -646.273
-7.720 1.295 131.196 1.226 47.740 0.062 -674.572
-7.725 1.237 128.660 0.945 47.702 0.058 -711.226
-7.369 1.207 126.332 0.916 47.732 0.062 -749.924
-6.879 1.234 123.876 0.856 47.851 0.081 -797.089
-6.880 1.170 121.735 0.875 48.053 0.096 -844.687
-6.815 1.293 119.328 0.837 48.353 0.115 -907.098
-6.442 1.399 116.989 0.836 48.740 0.129 -979.014
-6.053 1.036 114.801 0.855 49.167 0.155 -1059.213
-6.174 1.252 112.543 0.893 49.724 0.176 -1158.896
-5.957 1.120 110.410 0.887 50.291 0.198 -1274.057
-5.816 1.142 108.245 0.809 50.974 0.201 -1419.134
-5.790 1.043 106.322 0.733 51.697 0.218 -1580.982
-5.533 1.010 104.295 0.686 52.498 0.255 -1799.366
---
-12.257 3.169 167.202 0.818 62.115 0.393 -455.619
-11.027 3.256 165.850 0.757 60.894 0.388 -458.203
-10.310 3.293 164.518 0.838 59.636 0.357 -461.029
-9.229 3.051 163.100 0.704 58.418 0.325 -464.355
-9.131 2.463 161.339 0.722 57.310 0.320 -468.953
-8.373 2.174 159.706 0.716 56.176 0.303 -473.704
-8.109 2.533 158.053 0.840 55.137 0.307 -479.014
-7.804 2.262 156.502 0.745 54.174 0.251 -484.475
-7.436 1.991 154.638 0.792 53.259 0.256 -491.691
-7.013 2.156 152.850 0.805 52.394 0.260 -499.318
-6.587 1.703 150.733 0.902 51.564 0.222 -509.313
-6.345 1.592 148.794 0.806 50.807 0.197 -519.461
-6.049 1.540 146.736 0.744 50.125 0.184 -531.365
-6.060 1.772 144.579 0.851 49.549 0.169 -545.211
-5.705 3.021 142.394 1.894 49.008 0.146 -560.824
-5.382 1.542 140.586 0.962 48.583 0.113 -575.084
-5.145 1.488 138.123 0.915 48.194 0.102 -596.712
-4.926 1.433 135.728 0.796 47.887 0.084 -620.506
-4.761 1.464 133.457 0.945 47.691 0.058 -645.959
-4.612 1.363 131.253 0.860 47.566 0.040 -673.812
-4.680 1.293 129.071 1.013 47.523 0.036 -704.923
-4.320 1.131 126.540 0.794 47.560 0.044 -746.249
-4.418 1.110 123.967 0.853 47.690 0.062 -795.209
-4.208 1.257 121.741 0.974 47.902 0.083 -844.537
-4.107 1.214 119.605 0.858 48.179 0.108 -899.348
-3.901 1.137 117.265 0.911 48.553 0.118 -969.848
-3.972 0.952 114.821 0.828 49.025 0.149 -1058.400
-3.657 1.098 112.598 0.825 49.535 0.166 -1156.262
-3.716 1.092 110.547 0.745 50.117 0.193 -1265.896
-3.416 0.966 108.541 0.915 50.791 0.193 -1397.236
-3.350 1.028 106.260 0.740 51.595 0.235 -1586.850
-3.370 0.849 104.296 0.665 52.363 0.257 -1799.258
---
-4.238 3.233 167.691 0.749 62.108 0.354 -454.755
-5.052 2.770 166.132 0.676 60.790 0.391 -457.639
-4.002 2.975 164.570 0.735 59.548 0.340 -460.914
-3.362 2.619 163.166 0.683 58.369 0.339 -464.193
-2.938 2.457 161.490 0.691 57.188 0.321 -468.539
-2.288 2.452 160.166 0.844 56.198 0.319 -472.319
-2.959 2.562 158.243 1.375 55.129 0.274 -478.377
-2.577 2.574 156.320 1.341 54.074 0.274 -485.147
-2.381 2.546 154.711 0.876 53.183 0.257 -491.395
-2.976 4.462 153.011 0.978 52.279 0.229 -498.599
-1.973 1.682 150.833 1.022 51.485 0.213 -508.815
-2.044 1.707 148.907 0.901 50.732 0.217 -518.839
-2.053 1.721 146.992 0.788 50.106 0.183 -529.812
-2.178 1.695 144.807 0.792 49.486 0.159 -543.677
-2.421 1.798 142.475 0.819 48.917 0.135 -560.213
-1.734 1.579 140.206 0.885 48.472 0.117 -578.248
-1.839 1.747 138.132 0.955 48.108 0.102 -596.629
-1.906 1.513 135.744 0.874 47.807 0.071 -620.330
-1.515 1.413 133.620 0.966 47.609 0.051 -644.028
-1.093 4.153 131.249 1.405 47.484 0.028 -673.866
-1.546 1.391 128.992 0.885 47.440 0.012 -706.119
-1.465 1.193 126.549 0.873 47.476 0.027 -746.086
-1.549 1.254 124.162 0.861 47.603 0.049 -791.230
-1.389 1.319 121.769 1.094 47.815 0.080 -843.881
-1.409 1.355 119.736 0.925 48.079 0.094 -895.750
-1.152 1.270 117.091 1.047 48.490 0.122 -975.603
-1.317 1.026 114.902 0.895 48.915 0.133 -1055.165
-0.864 1.289 112.916 0.947 49.415 0.161 -1141.065
-1.305 1.032 110.584 0.886 50.033 0.176 -1263.750
-1.146 0.962 108.440 0.873 50.712 0.198 -1404.600
-1.172 1.137 106.372 0.752 51.466 0.236 -1576.248
-1.034 0.893 104.346 0.716 52.295 0.233 -1793.112
---
4.970 3.418 167.423 0.622 62.015 0.380 -455.223
3.966 2.985 166.197 0.604 60.800 0.345 -457.513
3.917 3.361 164.715 0.651 59.644 0.338 -460.593
3.347 3.044 163.217 0.779 58.346 0.368 -464.066
3.744 2.927 161.634 0.656 57.273 0.342 -468.146
2.582 2.202 160.025 0.826 56.095 0.291 -472.739
3.198 2.180 158.348 1.308 55.049 0.300 -478.029
2.250 2.014 156.648 0.791 54.141 0.272 -483.940
2.233 2.128 154.836 0.757 53.197 0.248 -490.889
2.156 1.992 152.857 0.897 52.298 0.239 -499.288
2.303 2.066 151.006 0.851 51.502 0.220 -507.963
1.610 1.720 148.880 0.878 50.741 0.204 -518.990
2.348 1.638 146.972 0.777 50.082 0.180 -529.935
2.240 1.547 144.851 0.824 49.468 0.164 -543.382
1.845 1.629 142.610 0.817 48.940 0.141 -559.207
1.702 1.560 140.466 0.990 48.492 0.123 -576.077
1.935 1.429 138.141 0.836 48.108 0.093 -596.548
1.622 1.339 135.929 0.890 47.820 0.070 -618.395
1.562 1.484 133.509 1.101 47.602 0.043 -645.351
1.238 1.467 131.308 1.141 47.481 0.026 -673.072
1.498 1.277 128.973 0.936 47.438 0.012 -706.407
1.381 1.215 126.674 0.846 47.472 0.026 -743.888
1.379 1.169 124.232 0.952 47.602 0.049 -789.810
1.466 1.189 121.893 0.950 47.813 0.073 -840.934
1.432 1.154 119.521 0.848 48.106 0.094 -901.679
1.105 1.144 117.347 0.828 48.450 0.116 -967.185
1.250 1.106 114.838 0.975 48.934 0.147 -1057.716
1.298 1.374 112.813 0.836 49.437 0.164 -1145.905
1.308 1.019 110.581 0.959 50.039 0.191 -1263.878
1.113 1.193 108.428 0.885 50.694 0.203 -1405.489
1.253 1.053 106.210 0.838 51.500 0.214 -1591.597
1.210 0.839 104.494 0.707 52.236 0.246 -1775.199
---
12.406 3.437 167.180 0.602 62.144 0.383 -455.658
11.428 3.372 165.710 0.674 60.818 0.365 -458.486
10.603 3.070 164.280 0.764 59.605 0.345 -461.565
10.427 2.504 162.913 0.710 58.480 0.346 -464.816
9.050 2.056 161.501 0.764 57.383 0.313 -468.509
8.802 2.096 159.796 0.844 56.227 0.318 -473.432
7.856 2.421 158.089 0.745 55.132 0.279 -478.893
7.768 2.314 156.345 0.753 54.190 0.276 -485.054
6.837 2.636 154.461 0.969 53.213 0.252 -492.411
6.840 2.010 152.894 0.735 52.426 0.238 -499.121
6.531 1.725 150.675 0.884 51.516 0.219 -509.602
6.230 1.661 148.781 0.822 50.799 0.208 -519.532
6.077 1.932 146.852 0.834 50.179 0.181 -530.658
5.901 1.698 144.747 0.848 49.537 0.166 -544.076
5.742 3.164 142.300 0.986 48.984 0.146 -561.533
5.340 1.480 140.211 0.836 48.561 0.111 -578.213
5.082 1.499 138.132 0.921 48.199 0.110 -596.632
4.881 1.417 135.701 0.885 47.890 0.075 -620.787
4.899 1.323 133.532 0.934 47.691 0.062 -645.068
4.587 1.215 131.085 0.856 47.565 0.042 -676.074
4.487 1.241 128.735 0.894 47.527 0.035 -710.068
4.421 1.175 126.548 0.907 47.557 0.044 -746.095
4.248 1.121 124.085 0.825 47.684 0.056 -792.805
4.159 1.354 121.832 0.884 47.899 0.080 -842.394
4.023 1.237 119.498 1.007 48.198 0.101 -902.337
4.025 1.035 117.143 0.798 48.571 0.119 -973.882
3.840 1.753 114.913 1.010 48.998 0.156 -1054.721
3.577 1.175 112.778 0.960 49.529 0.167 -1147.592
3.654 1.078 110.647 0.878 50.094 0.186 -1260.013
3.471 1.135 108.134 0.774 50.846 0.205 -1427.500
3.430 0.980 106.385 0.909 51.514 0.231 -1574.988
3.511 1.074 104.514 1.052 52.323 0.236 -1772.783
---
19.715 3.367 166.883 0.572 62.279 0.356 -456.202
18.161 2.773 165.422 0.703 60.959 0.324 -459.079
17.545 2.631 164.056 0.751 59.797 0.346 -462.076
16.028 3.256 162.464 0.682 58.545 0.380 -465.954
15.034 2.521 161.061 0.624 57.437 0.303 -469.729
13.996 2.692 159.351 0.698 56.351 0.314 -474.804
13.133 2.143 157.791 0.823 55.325 0.283 -479.903
13.075 2.166 156.136 0.880 54.332 0.293 -485.835
12.361 1.969 154.269 0.683 53.416 0.264 -493.203
11.325 2.035 152.314 1.744 52.547 0.226 -501.746
10.787 1.903 150.581 0.823 51.741 0.245 -510.074
10.425 1.733 148.545 0.796 50.960 0.209 -520.836
9.842 1.424 146.556 0.837 50.303 0.196 -532.463
9.938 1.658 144.486 0.896 49.731 0.179 -545.843
9.145 1.600 142.155 0.872 49.167 0.153 -562.636
8.970 1.479 140.092 0.897 48.727 0.127 -579.215
8.225 1.470 137.937 0.881 48.353 0.108 -598.453
8.776 3.387 135.465 0.904 48.071 0.090 -623.300
7.752 1.390 133.401 1.071 47.853 0.073 -646.632
7.935 1.279 130.938 1.314 47.737 0.065 -678.075
7.487 1.332 128.828 0.998 47.690 0.060 -708.623
7.253 1.284 126.432 0.972 47.729 0.065 -748.141
7.171 1.301 123.958 0.849 47.856 0.079 -795.398
6.871 1.189 121.716 0.804 48.060 0.092 -845.136
6.670 1.078 119.337 0.922 48.351 0.114 -906.841
6.404 1.577 116.863 1.438 48.737 0.138 -983.272
6.557 1.212 114.957 1.020 49.164 0.160 -1053.013
6.116 1.177 112.506 0.883 49.707 0.163 -1160.739
5.963 1.037 110.386 0.807 50.306 0.180 -1275.481
5.772 1.164 108.376 1.296 50.993 0.213 -1409.333
5.880 0.976 106.348 0.763 51.684 0.230 -1578.534
5.675 1.410 104.371 0.805 52.481 0.260 -1790.075
---
27.412 2.920 166.035 0.716 62.429 0.315 -457.833
25.096 3.096 164.467 0.700 61.056 0.358 -461.142
22.885 3.007 163.360 0.612 59.932 0.374 -463.720
21.811 2.407 162.022 0.712 58.738 0.321 -467.106
20.356 2.082 160.431 0.846 57.634 0.326 -471.537
19.603 2.660 158.941 0.789 56.572 0.333 -476.097
18.863 2.101 157.290 1.032 55.522 0.321 -481.641
17.736 2.091 155.688 0.800 54.545 0.281 -487.537
16.459 1.792 153.838 0.791 53.605 0.260 -495.012
15.710 1.933 152.116 0.846 52.807 0.250 -502.662
15.417 1.655 150.130 0.690 51.987 0.232 -512.361
14.579 1.760 148.103 0.989 51.217 0.214 -523.322
13.997 1.683 146.042 0.808 50.524 0.189 -535.656
13.482 1.578 143.998 0.766 49.947 0.194 -549.198
12.728 1.597 141.959 0.860 49.427 0.169 -564.138
12.543 1.424 139.712 0.874 48.980 0.145 -582.453
11.935 1.444 137.585 0.979 48.596 0.141 -601.805
11.394 1.494 135.319 0.903 48.315 0.105 -624.870
11.241 1.186 133.142 0.907 48.120 0.088 -649.739
10.804 1.230 130.736 1.016 47.987 0.085 -680.846
10.591 1.403 128.467 0.986 47.943 0.082 -714.234
10.166 1.148 125.997 1.704 47.985 0.084 -755.941
9.810 1.144 123.814 0.899 48.104 0.096 -798.380
9.617 1.152 121.503 0.878 48.325 0.107 -850.274
9.304 1.283 119.268 0.877 48.607 0.131 -908.791
9.164 1.088 116.862 0.840 48.963 0.141 -983.295
8.853 1.080 114.854 0.920 49.373 0.166 -1057.096
8.710 0.994 112.387 0.844 49.944 0.185 -1166.578
8.253 1.143 110.289 0.899 50.521 0.197 -1281.321
8.047 1.006 108.240 0.768 51.200 0.218 -1419.529
8.188 1.016 106.321 0.723 51.920 0.242 -1581.031
7.818 0.958 104.407 0.910 52.702 0.244 -1785.669
---
33.050 3.093 165.151 0.721 62.675 0.428 -459.650
31.181 2.865 163.981 0.798 61.412 0.357 -462.249
29.158 2.573 162.691 0.837 60.243 0.388 -465.375
26.907 2.189 161.193 0.702 59.027 0.367 -469.359
26.017 2.592 159.698 0.852 57.901 0.346 -473.731
24.385 2.412 158.340 0.719 56.834 0.360 -478.056
23.052 1.993 156.450 0.779 55.767 0.301 -484.669
21.968 1.924 154.980 0.773 54.829 0.287 -490.310
21.080 2.044 153.194 0.885 53.962 0.255 -497.795
20.137 1.686 151.471 0.825 53.053 0.258 -505.705
19.394 1.917 149.549 0.804 52.271 0.234 -515.393
18.551 1.531 147.605 0.853 51.510 0.224 -526.189
17.459 1.585 145.581 0.829 50.823 0.185 -538.597
17.039 1.759 143.703 0.990 50.266 0.212 -551.271
16.183 1.630 141.432 0.894 49.750 0.180 -568.253
15.564 1.674 139.467 0.943 49.304 0.161 -584.580
15.178 1.524 137.342 0.986 48.947 0.151 -604.153
14.518 1.407 134.924 0.841 48.631 0.120 -629.175
14.159 1.471 132.782 0.891 48.431 0.112 -654.146
13.756 1.039 130.443 0.864 48.314 0.105 -684.916
13.342 1.262 128.132 0.881 48.265 0.103 -719.546
13.210 1.355 125.996 0.949 48.331 0.109 -755.964
12.699 1.216 123.511 1.070 48.437 0.115 -804.743
12.254 1.253 121.237 0.866 48.649 0.131 -856.755
11.787 1.123 119.034 0.869 48.920 0.153 -915.476
11.669 1.170 116.657 0.827 49.299 0.157 -990.293
11.289 1.037 114.559 0.841 49.737 0.172 -1068.975
10.982 1.115 112.360 0.835 50.249 0.189 -1167.893
10.719 1.178 110.175 1.003 50.799 0.209 -1288.233
10.464 1.123 108.216 0.852 51.500 0.242 -1421.278
10.408 1.056 106.052 0.749 52.287 0.245 -1606.770
10.108 1.147 104.279 1.276 53.031 0.279 -1801.371
---
38.617 2.786 164.385 0.773 63.022 0.398 -461.327
36.175 2.487 162.896 0.587 61.757 0.394 -464.860
34.050 2.320 161.861 0.710 60.569 0.339 -467.534
31.782 2.243 160.422 0.769 59.394 0.352 -471.564
30.539 2.428 159.049 0.742 58.313 0.300 -475.755
29.064 2.072 157.418 0.713 57.229 0.298 -481.191
27.565 1.995 155.911 0.699 56.100 0.294 -486.683
25.976 1.805 154.293 0.788 55.213 0.296 -493.104
24.141 8.273 152.418 0.911 54.266 0.297 -501.268
24.408 2.215 150.765 0.938 53.424 0.259 -509.153
23.086 1.534 149.020 0.734 52.674 0.233 -518.226
22.310 1.643 147.008 0.733 51.938 0.214 -529.721
21.263 1.472 145.003 0.768 51.259 0.232 -542.367
20.748 1.510 142.941 0.965 50.661 0.201 -556.756
19.447 1.353 140.988 0.703 50.135 0.194 -571.802
18.873 1.620 138.687 0.956 49.688 0.175 -591.521
18.328 1.493 136.690 0.795 49.349 0.167 -610.598
17.917 1.385 134.498 0.976 49.051 0.155 -633.918
17.219 1.248 132.264 0.827 48.848 0.139 -660.622
16.933 1.203 130.175 0.870 48.738 0.131 -688.703
16.175 1.250 127.809 0.783 48.688 0.131 -724.762
15.790 1.321 125.615 0.985 48.700 0.132 -762.967
15.207 1.192 123.192 0.905 48.832 0.134 -811.581
15.082 2.019 120.858 1.717 49.056 0.153 -866.221
14.470 1.190 118.871 0.829 49.326 0.166 -920.188
13.887 1.144 116.618 0.943 49.685 0.180 -991.660
13.786 1.243 114.433 0.950 50.127 0.190 -1074.160
13.281 1.240 112.207 0.818 50.643 0.201 -1175.544
13.157 1.064 110.082 0.929 51.236 0.216 -1293.981
12.784 1.048 107.952 0.920 51.885 0.211 -1441.499
12.370 0.935 106.072 0.843 52.602 0.260 -1604.882
12.149 0.914 104.026 0.751 53.444 0.243 -1833.268
---
42.436 2.640 163.215 0.850 63.349 0.359 -464.071
40.804 2.076 161.808 0.670 62.130 0.389 -467.677
38.755 2.196 160.655 0.722 61.027 0.359 -470.885
36.620 2.465 159.580 0.735 59.869 0.307 -474.090
35.008 1.916 157.932 0.690 58.692 0.326 -479.424
33.387 2.492 156.639 1.083 57.630 0.323 -483.975
31.923 2.276 154.881 0.784 56.640 0.296 -490.708
30.337 1.521 153.227 0.761 55.598 0.264 -497.648
29.117 1.658 151.760 0.723 54.786 0.265 -504.329
27.732 1.736 149.967 1.170 53.899 0.269 -513.207
26.827 1.511 148.116 0.837 53.097 0.288 -523.247
25.549 1.669 146.239 0.865 52.354 0.238 -534.421
24.741 1.485 144.344 0.879 51.727 0.225 -546.811
23.983 1.455 142.337 0.883 51.142 0.230 -561.256
22.895 1.970 140.264 0.873 50.606 0.188 -577.765
22.189 1.408 138.341 0.850 50.197 0.162 -594.692
21.310 1.508 136.218 0.931 49.799 0.194 -615.394
20.785 1.232 134.133 0.848 49.568 0.173 -638.060
19.928 1.206 131.914 0.961 49.320 0.158 -665.102
19.361 1.278 129.599 1.066 49.201 0.144 -697.035
19.085 1.289 127.505 0.743 49.165 0.155 -729.768
18.382 1.239 125.090 0.817 49.218 0.159 -772.875
17.974 1.110 122.850 0.837 49.334 0.173 -819.075
17.488 1.135 120.554 0.877 49.557 0.160 -873.999
16.988 1.093 118.500 0.777 49.837 0.161 -931.140
16.750 1.180 116.171 0.838 50.194 0.182 -1007.350
15.992 1.156 114.148 0.718 50.599 0.214 -1086.055
15.614 1.268 112.094 1.114 51.087 0.209 -1181.227
15.482 1.199 109.853 0.866 51.717 0.212 -1308.288
15.078 1.116 107.825 0.779 52.375 0.263 -1451.430
14.782 1.095 105.935 0.777 53.088 0.252 -1618.306
14.427 0.904 104.042 0.915 53.873 0.267 -1831.126
---
47.292 2.986 161.902 0.985 63.946 0.384 -467.424
44.917 1.744 160.865 0.761 62.534 0.344 -470.283
42.810 2.261 159.621 0.695 61.362 0.372 -473.965
40.770 1.715 158.238 0.832 60.174 0.351 -478.395
38.777 1.669 156.846 0.669 59.139 0.351 -483.224
37.077 1.824 155.431 0.666 58.064 0.324 -488.533
35.762 1.597 153.842 0.827 57.124 0.334 -494.997
34.026 1.861 152.525 0.814 56.180 0.288 -500.784
32.619 1.702 150.818 0.695 55.218 0.276 -508.888
31.663 1.962 148.944 0.817 54.390 0.274 -518.641
29.933 1.401 147.189 0.779 53.578 0.275 -528.637
29.095 2.151 145.503 1.073 52.880 0.249 -539.099
27.846 1.649 143.594 0.822 52.241 0.234 -552.042
27.090 1.658 141.770 0.900 51.715 0.246 -565.602
26.187 1.540 139.710 0.788 51.156 0.204 -582.477
25.143 1.504 137.513 0.812 50.707 0.213 -602.493
24.396 1.188 135.527 0.891 50.363 0.193 -622.631
23.836 1.400 133.434 0.913 50.103 0.185 -646.236
22.993 1.108 131.409 1.032 49.905 0.175 -671.732
22.234 1.437 129.008 0.812 49.748 0.182 -705.880
21.355 1.124 127.013 0.820 49.733 0.161 -738.039
21.043 1.266 124.679 0.743 49.783 0.174 -780.877
20.462 1.055 122.554 0.952 49.873 0.174 -825.682
19.727 0.999 120.320 0.887 50.086 0.191 -880.099
19.451 1.071 118.144 0.764 50.397 0.206 -941.936
18.803 1.107 115.648 0.821 50.765 0.214 -1026.479
18.506 0.936 113.827 0.845 51.153 0.231 -1099.795
17.926 1.063 111.872 0.772 51.662 0.204 -1192.648
17.495 0.971 109.645 0.905 52.240 0.257 -1321.578
17.230 1.278 107.632 0.807 52.902 0.253 -1466.795
16.874 1.687 105.882 1.606 53.581 0.273 -1623.522
16.375 0.814 103.854 0.644 54.339 0.266 -1855.530
---
51.024 2.595 160.720 0.674 64.433 0.396 -470.699
48.649 1.677 159.675 0.729 63.077 0.361 -473.799
46.625 1.867 158.283 0.728 61.941 0.366 -478.245
44.576 1.950 157.109 0.773 60.781 0.378 -482.282
42.467 2.404 155.927 1.511 59.749 0.372 -486.625
40.857 1.667 154.294 0.807 58.709 0.309 -493.100
38.832 1.755 152.918 0.738 57.622 0.320 -499.014
37.599 1.616 151.362 0.703 56.748 0.271 -506.230
36.011 1.345 149.767 0.795 55.801 0.307 -514.247
34.522 1.302 148.093 0.823 55.003 0.322 -523.380
33.564 1.525 146.262 0.814 54.235 0.245 -534.283
32.224 1.285 144.694 1.424 53.459 0.261 -544.435
31.085 1.157 142.815 0.844 52.886 0.228 -557.684
29.971 1.402 140.768 0.841 52.259 0.222 -573.591
28.955 1.586 138.841 0.736 51.787 0.257 -590.132
27.833 1.278 136.791 0.825 51.320 0.212 -609.586
27.270 1.324 134.864 0.812 51.023 0.198 -629.834
26.690 2.584 132.831 0.902 50.761 0.210 -653.537
25.643 1.360 130.610 0.907 50.559 0.206 -682.592
24.787 1.243 128.370 0.853 50.417 0.203 -715.754
24.001 1.172 126.381 0.875 50.365 0.185 -749.055
23.576 1.011 124.256 0.888 50.453 0.184 -789.312
22.920 1.120 122.148 0.766 50.553 0.213 -834.992
22.343 1.139 119.809 0.856 50.726 0.203 -893.762
21.606 1.017 117.897 0.859 51.000 0.196 -949.601
21.354 0.994 115.652 0.833 51.360 0.212 -1026.322
20.512 0.941 113.551 0.874 51.757 0.227 -1111.941
20.093 1.034 111.543 0.891 52.264 0.255 -1209.973
19.898 1.071 109.561 0.869 52.863 0.225 -1327.014
19.228 1.085 107.371 0.824 53.476 0.280 -1488.146
18.732 0.863 105.708 0.873 54.174 0.283 -1641.093
18.200 0.857 103.558 0.641 54.930 0.313 -1895.207
---
54.374 1.857 159.345 0.715 64.905 0.381 -474.822
51.561 1.696 158.317 0.702 63.688 0.352 -478.131
49.482 1.786 157.192 0.657 62.552 0.337 -481.987
47.376 1.515 156.166 0.678 61.389 0.346 -485.724
45.972 1.798 154.678 0.745 60.382 0.391 -491.528
43.847 2.033 153.370 0.680 59.262 0.362 -497.022
42.229 2.067 151.765 0.674 58.208 0.328 -504.304
40.438 1.835 150.052 0.783 57.312 0.299 -512.763
38.863 1.483 148.775 0.703 56.402 0.349 -519.567
37.567 1.286 147.164 0.841 55.622 0.282 -528.784
36.262 1.419 145.403 0.934 54.873 0.287 -539.747
35.198 1.394 143.601 0.856 54.224 0.277 -551.989
33.791 1.332 141.648 1.716 53.541 0.269 -566.554
32.970 1.374 139.937 0.846 53.009 0.263 -580.526
31.431 1.579 138.063 0.963 52.456 0.239 -597.273
30.939 1.444 136.099 0.917 52.063 0.247 -616.622
29.825 1.278 133.998 0.910 51.723 0.210 -639.615
28.987 1.131 132.137 0.976 51.456 0.229 -662.235
28.243 1.474 130.155 0.872 51.223 0.220 -688.991
27.562 1.606 127.755 1.183 51.158 0.203 -725.638
26.513 1.124 125.768 0.822 51.095 0.194 -760.134
26.028 1.069 123.446 1.005 51.179 0.222 -806.134
25.256 1.128 121.516 0.846 51.241 0.209 -849.947
24.744 1.405 119.303 0.978 51.456 0.226 -907.807
24.099 0.983 117.419 0.839 51.725 0.232 -964.849
23.283 1.023 115.227 0.739 52.025 0.221 -1042.445
22.959 0.888 113.199 0.838 52.475 0.226 -1127.873
22.235 1.081 111.130 0.934 52.969 0.241 -1232.525
21.652 0.926 109.153 0.898 53.511 0.249 -1354.226
21.197 1.453 107.415 0.887 54.132 0.263 -1484.533
20.636 1.098 105.386 0.653 54.835 0.268 -1674.610
20.328 0.869 103.438 0.716 55.648 0.315 -1911.913
---
56.967 2.455 157.995 1.200 65.442 0.438 -479.210
54.712 1.814 157.075 0.600 64.309 0.364 -482.401
52.022 1.677 155.967 0.665 63.149 0.416 -486.471
50.702 1.446 154.596 0.719 62.071 0.314 -491.862
48.873 2.008 153.513 0.909 61.022 0.387 -496.407
46.625 1.587 152.155 0.684 59.932 0.365 -502.478
45.114 1.379 150.631 0.772 59.002 0.380 -509.824
43.493 1.559 149.177 0.776 58.073 0.346 -517.376
41.956 1.349 147.788 0.682 57.172 0.326 -525.126
40.441 1.536 145.998 0.851 56.311 0.326 -535.938
39.138 1.388 144.314 0.861 55.650 0.269 -547.014
37.718 1.337 142.803 0.915 54.936 0.252 -557.773
36.923 1.382 140.882 0.844 54.327 0.269 -572.664
35.479 1.307 139.239 0.722 53.757 0.271 -586.579
34.445 1.185 137.092 0.758 53.249 0.260 -606.596
33.649 1.286 135.205 0.847 52.879 0.234 -626.100
32.864 1.685 133.162 1.208 52.507 0.263 -649.505
31.645 1.404 131.427 0.790 52.254 0.266 -671.488
30.534 1.793 129.166 1.613 52.028 0.201 -703.478
29.994 1.382 127.287 0.849 51.922 0.247 -733.407
28.956 1.176 125.121 1.003 51.877 0.248 -772.288
28.499 1.154 123.037 0.753 51.909 0.224 -814.962
27.585 1.140 120.982 0.869 52.020 0.235 -863.098
26.950 0.991 119.070 0.844 52.195 0.242 -914.421
26.232 1.076 116.882 0.791 52.472 0.261 -982.644
25.518 0.918 114.815 0.861 52.785 0.262 -1058.626
24.962 1.073 112.852 0.849 53.244 0.268 -1144.049
24.512 1.167 110.656 1.006 53.769 0.276 -1259.511
23.819 1.055 108.995 0.876 54.241 0.275 -1365.041
23.560 1.178 107.190 0.696 54.865 0.295 -1503.318
22.758 0.897 105.184 0.674 55.584 0.285 -1696.277
22.086 0.687 103.226 0.642 56.302 0.303 -1941.918
---
59.213 1.886 156.593 0.711 66.158 0.427 -484.143
56.992 2.560 155.936 0.838 64.945 0.358 -486.590
54.740 1.626 154.782 0.963 63.886 0.377 -491.106
52.799 1.515 153.384 0.660 62.715 0.392 -496.963
51.068 1.541 152.366 0.784 61.762 0.355 -501.506
49.351 1.524 150.798 0.676 60.698 0.382 -508.992
47.546 1.573 149.273 0.736 59.700 0.388 -516.861
45.901 1.330 148.108 0.793 58.805 0.325 -523.296
44.133 1.611 146.092 3.994 57.920 0.364 -535.344
43.061 1.321 145.012 0.716 57.111 0.334 -542.312
41.498 1.206 143.406 0.721 56.355 0.337 -553.384
40.395 1.318 141.801 0.952 55.665 0.309 -565.360
39.214 1.300 139.909 0.813 55.089 0.288 -580.769
37.826 1.191 138.072 0.884 54.481 0.270 -597.192
36.970 1.097 136.236 0.871 54.055 0.270 -615.209
35.741 1.364 134.378 0.898 53.638 0.273 -635.273
34.925 1.268 132.440 1.400 53.341 0.259 -658.404
33.717 1.069 130.659 0.834 53.001 0.246 -681.902
33.062 1.004 128.762 0.905 52.831 0.264 -709.640
32.332 1.089 126.433 0.829 52.788 0.252 -748.126
31.205 1.006 124.631 0.784 52.714 0.234 -781.826
30.331 1.095 122.742 0.956 52.707 0.237 -821.481
29.952 1.396 120.584 0.995 52.860 0.281 -873.242
29.001 0.922 118.445 0.814 53.039 0.270 -932.795
28.248 1.091 116.655 0.839 53.288 0.255 -990.389
27.363 1.120 114.358 0.741 53.597 0.252 -1077.237
27.113 0.881 112.399 0.903 54.051 0.287 -1165.995
26.389 1.039 110.627 0.852 54.526 0.283 -1261.227
25.995 0.941 108.577 0.783 55.070 0.276 -1394.654
25.449 1.116 106.740 0.788 55.727 0.318 -1542.509
24.789 1.677 104.948 0.661 56.377 0.290 -1722.422
24.202 0.695 103.199 0.586 57.020 0.312 -1945.874
---
61.274 1.735 155.320 0.856 66.917 0.404 -488.966
59.229 1.296 154.286 0.641 65.806 0.357 -493.135
57.198 1.234 153.497 0.699 64.637 0.358 -496.474
55.225 1.349 152.215 0.810 63.458 0.366 -502.205
53.235 1.481 151.129 0.682 62.448 0.352 -507.359
51.445 1.639 149.619 0.690 61.471 0.401 -515.025
49.950 1.409 148.298 0.778 60.451 0.337 -522.217
48.553 1.330 146.781 0.761 59.588 0.359 -531.090
46.899 1.316 145.378 0.928 58.740 0.321 -539.906
45.426 1.130 144.047 0.785 57.928 0.279 -548.856
43.917 1.341 142.447 0.880 57.216 0.347 -560.424
42.712 1.293 140.631 0.780 56.536 0.300 -574.720
41.541 1.380 139.004 0.765 55.966 0.318 -588.669
40.414 1.181 137.175 0.697 55.486 0.287 -605.779
39.454 1.366 135.490 0.657 54.991 0.299 -623.035
38.011 1.071 133.664 0.743 54.505 0.256 -643.513
37.073 1.223 131.877 0.737 54.183 0.260 -665.586
36.112 1.017 129.816 1.014 53.932 0.261 -693.864
35.246 1.144 127.968 0.763 53.807 0.289 -722.183
34.394 1.174 125.877 0.749 53.625 0.290 -758.123
33.436 1.182 124.011 1.026 53.608 0.288 -794.322
32.665 1.137 121.986 0.860 53.675 0.286 -838.767
31.841 1.132 120.020 0.806 53.753 0.265 -888.070
31.242 0.974 118.090 0.792 53.908 0.257 -943.608
30.310 0.980 116.075 0.823 54.199 0.263 -1010.815
29.811 0.975 114.018 0.864 54.553 0.240 -1091.601
28.877 0.932 112.137 0.773 54.920 0.274 -1179.061
28.241 1.138 110.099 0.858 55.376 0.303 -1292.903
28.048 1.063 108.257 0.935 55.982 0.311 -1418.251
27.315 0.900 106.864 0.910 56.484 0.319 -1531.572
26.549 0.775 104.752 0.637 57.201 0.276 -1744.818
26.198 0.807 102.975 0.628 57.904 0.344 -1978.817
---
63.204 1.701 154.232 0.683 67.691 0.396 -493.359
61.089 1.461 153.229 0.584 66.518 0.440 -497.640
58.923 1.515 152.024 0.790 65.388 0.369 -503.089
57.050 1.682 150.839 1.038 64.351 0.430 -508.789
55.057 1.521 149.597 0.750 63.246 0.373 -515.136
53.208 1.558 148.381 0.670 62.305 0.391 -521.754
52.179 1.304 147.347 0.730 61.341 0.337 -527.700
50.715 1.281 146.006 0.885 60.559 0.372 -535.883
49.006 1.345 144.285 0.785 59.589 0.369 -547.214
47.691 1.242 142.673 0.681 58.832 0.333 -558.732
46.268 1.546 141.149 0.971 58.051 0.331 -570.511
44.813 0.919 139.649 0.833 57.416 0.242 -583.002
43.393 1.084 138.065 0.763 56.862 0.317 -597.256
42.294 1.466 136.227 0.785 56.382 0.355 -615.296
41.395 1.133 134.393 0.803 55.899 0.301 -635.096
40.327 1.227 132.936 0.705 55.465 0.290 -652.245
39.377 1.471 131.036 0.799 55.190 0.305 -676.737
38.163 1.299 129.091 0.857 54.880 0.311 -704.612
37.291 1.015 127.160 0.714 54.706 0.282 -735.536
36.348 1.103 125.240 0.835 54.594 0.254 -770.021
35.426 1.232 123.318 0.930 54.551 0.279 -808.861
34.747 0.952 121.361 0.792 54.619 0.298 -853.717
33.919 0.997 119.620 0.798 54.717 0.290 -898.936
33.174 0.947 117.535 0.794 54.937 0.286 -961.092
32.168 1.132 115.566 0.762 55.135 0.306 -1029.546
31.752 1.050 113.735 0.797 55.477 0.275 -1103.813
31.123 1.107 111.732 0.994 55.890 0.298 -1199.960
30.357 0.916 109.773 0.830 56.337 0.317 -1313.369
29.718 0.893 108.082 0.782 56.844 0.309 -1431.473
29.183 1.206 106.280 0.708 57.494 0.285 -1584.926
28.272 0.907 104.738 0.704 57.996 0.331 -1746.481
27.873 0.765 102.668 0.539 58.839 0.354 -2026.007
---
64.385 0.999 152.803 0.662 68.474 0.443 -499.528
62.994 1.289 151.781 0.801 67.368 0.405 -504.229
60.630 1.545 150.907 1.439 66.270 0.416 -508.453
59.524 3.249 149.522 0.731 65.133 0.389 -515.533
57.403 1.446 148.528 0.706 64.179 0.410 -520.930
55.344 1.413 147.150 0.728 63.124 0.337 -528.870
53.962 1.261 145.811 0.617 62.218 0.409 -537.121
52.669 1.178 144.463 0.762 61.409 0.362 -545.994
51.277 0.981 142.983 0.817 60.607 0.332 -556.446
49.659 1.057 141.686 0.770 59.761 0.351 -566.256
48.120 1.190 140.200 0.648 59.083 0.328 -578.305
46.927 1.278 138.690 0.730 58.356 0.367 -591.494
45.465 1.226 136.948 0.930 57.831 0.367 -608.014
44.528 1.007 135.248 0.838 57.262 0.317 -625.638
43.415 1.069 133.454 0.769 56.887 0.322 -645.995
42.557 1.252 131.751 0.797 56.521 0.313 -667.220
41.496 1.061 130.001 0.931 56.179 0.286 -691.191
40.094 1.172 128.128 0.754 55.858 0.317 -719.599
39.116 1.223 126.553 0.994 55.697 0.299 -746.008
38.343 1.686 124.509 0.835 55.635 0.309 -784.237
37.330 0.923 122.787 0.811 55.564 0.306 -820.483
36.697 0.894 120.728 0.698 55.632 0.288 -869.542
35.694 0.995 118.851 1.054 55.733 0.303 -920.774
34.887 0.950 116.819 0.716 55.897 0.297 -984.780
34.277 0.991 115.120 0.782 56.191 0.315 -1046.600
33.529 1.267 113.264 0.762 56.411 0.303 -1124.902
32.880 1.100 111.320 0.849 56.932 0.321 -1222.003
32.037 1.158 109.448 0.804 57.280 0.293 -1334.436
31.512 1.027 107.793 0.861 57.887 0.373 -1453.950
30.805 0.947 105.966 0.695 58.403 0.303 -1615.208
30.223 0.787 104.173 0.582 59.098 0.335 -1814.573
29.570 0.595 102.365 0.531 59.846 0.357 -2074.813
---
66.204 1.630 151.431 0.635 69.506 0.427 -505.898
64.192 1.077 150.641 0.581 68.237 0.421 -509.772
62.377 1.406 149.449 0.604 67.175 0.398 -515.920
60.447 1.181 148.151 0.759 66.094 0.385 -523.048
59.096 1.469 147.083 0.665 65.039 0.349 -529.269
57.260 1.245 146.260 1.132 64.080 0.414 -534.292
56.007 1.139 144.981 0.572 63.273 0.396 -542.518
54.348 1.336 143.470 0.822 62.347 0.393 -552.927
52.984 0.969 141.983 0.827 61.530 0.343 -563.952
51.781 1.063 140.356 0.809 60.748 0.319 -576.996
50.119 1.093 139.051 0.724 60.084 0.325 -588.247
49.069 0.983 137.545 0.782 59.501 0.349 -602.190
47.754 1.160 136.048 0.748 58.848 0.307 -617.155
46.302 1.818 134.434 0.919 58.363 0.316 -634.638
45.216 2.298 132.842 1.074 57.914 0.340 -653.398
44.197 1.025 130.983 0.690 57.507 0.319 -677.457
43.214 0.891 129.230 0.716 57.240 0.310 -702.527
42.244 1.120 127.385 0.724 56.967 0.302 -731.756
41.079 0.854 125.452 0.680 56.794 0.313 -766.009
40.258 0.981 123.777 0.821 56.700 0.318 -799.160
39.277 1.186 121.977 0.871 56.663 0.289 -838.965
38.505 1.027 120.226 0.715 56.669 0.308 -882.576
37.578 0.955 118.404 1.008 56.806 0.347 -934.035
36.985 1.233 116.551 0.778 57.011 0.341 -993.973
35.987 0.994 114.669 0.683 57.204 0.314 -1064.514
35.349 0.820 112.859 0.740 57.605 0.301 -1143.716
34.520 1.027 110.973 0.716 57.886 0.342 -1241.330
33.829 0.996 109.376 0.926 58.381 0.311 -1339.224
33.176 1.047 107.326 0.629 58.888 0.332 -1491.924
32.411 1.058 105.840 0.615 59.421 0.361 -1627.764
31.884 0.741 103.913 0.569 60.130 0.340 -1847.776
31.428 0.646 102.235 0.633 60.876 0.346 -2096.448
