60.13	131.8
57.82	121.6
55.63	116.5
53.30	110.50
51.00	104.90
48.69	100.30
46.38	95.30
44.20	94.20
41.96	89.05
37.61	84.30
35.43	83.00
33.40	81.70
31.35	79.20
29.41	79.10
27.52	77.30
25.65	75.80
23.91	75.05
22.16	72.70
20.57	74.20
18.91	73.00
17.33	73.10
15.84	72.65
14.43	70.60
-13.5805	69.29
-14.966	69.30
-16.403	70.60
-17.98	71.90
-19.522	73.50
-21.175	73.85
-22.911	74.60
-24.6265	74.90
-26.457	77.00
-28.3705	78.80
-30.2595	80.70
-32.294	82.10
-34.318	83.70
-36.506	85.10
-38.5535	87.30
-40.849	89.70
-43.06	92.60
-45.295	96.20
-47.596	99.20
-49.8075	103.10
-52.176	108.40
-54.458	114.10
-56.827	122.60
-59.0505	125.80
-61.422	135.70

