phi std_phi theta std_theta rho std_rho effective thickness
---
210.749 0.710 82.066 0.446 61.291 0.369 3218.704
211.381 0.733 80.369 0.442 60.536 0.337 2655.656
212.154 0.666 78.757 0.476 59.942 0.352 2278.884
212.818 0.640 77.016 0.577 59.345 0.340 1977.514
213.305 0.676 75.313 0.523 58.722 0.346 1752.427
214.030 0.650 73.400 0.543 58.231 0.360 1555.167
214.575 0.729 71.684 0.516 57.809 0.316 1413.800
215.377 0.777 69.743 0.569 57.443 0.315 1283.216
216.223 0.942 68.062 0.550 57.178 0.343 1189.229
216.999 0.798 66.128 0.593 56.928 0.327 1097.884
217.794 0.893 64.295 0.608 56.812 0.317 1024.336
218.652 0.797 62.453 0.624 56.682 0.282 960.711
219.540 0.814 60.443 0.650 56.649 0.324 900.688
220.477 0.883 58.548 0.615 56.751 0.302 851.492
221.604 0.805 56.769 0.607 56.937 0.334 810.744
222.418 0.834 54.871 0.683 57.130 0.331 772.130
223.562 0.875 53.100 0.594 57.394 0.297 739.988
224.501 0.844 51.219 0.592 57.695 0.333 709.348
225.591 1.020 49.396 0.718 58.083 0.373 682.672
226.894 0.965 47.707 0.636 58.641 0.338 660.261
228.109 0.855 45.969 0.647 59.095 0.341 639.236
229.078 0.977 44.292 0.697 59.638 0.344 620.715
230.553 0.952 42.530 0.609 60.380 0.410 602.914
231.959 0.826 41.109 0.739 61.050 0.377 589.678
233.400 0.941 39.690 0.747 61.861 0.311 577.376
234.778 0.911 38.180 0.675 62.689 0.363 565.217
236.315 1.012 36.772 0.673 63.534 0.358 554.668
237.934 0.931 35.283 0.665 64.439 0.375 544.278
239.511 0.992 34.118 0.558 65.451 0.409 536.668
240.952 1.105 32.898 0.588 66.424 0.453 529.155
243.058 1.164 31.769 0.483 67.530 0.394 522.598
244.581 1.014 30.639 0.554 68.679 0.400 516.390
---
209.226 0.621 81.790 0.451 60.245 0.338 3111.342
209.859 0.715 80.375 0.481 59.682 0.348 2657.373
210.229 0.712 78.634 0.487 58.894 0.338 2254.547
210.846 0.677 76.922 0.514 58.283 0.334 1963.567
211.701 0.752 74.955 0.551 57.770 0.337 1711.594
212.283 0.643 73.256 0.591 57.234 0.353 1542.232
212.959 0.764 71.319 0.617 56.773 0.343 1387.171
213.671 0.707 69.586 0.552 56.474 0.294 1273.822
214.429 0.739 67.607 0.583 56.108 0.307 1166.291
215.391 0.778 65.581 0.618 55.887 0.299 1074.709
215.997 0.841 63.841 0.601 55.774 0.288 1007.788
216.836 0.858 61.801 0.661 55.675 0.319 940.247
217.792 0.805 59.750 0.737 55.659 0.313 881.931
218.589 0.864 57.828 0.644 55.654 0.296 834.425
219.387 0.710 55.845 0.721 55.788 0.304 791.377
220.493 0.932 54.184 0.752 55.988 0.310 759.252
221.716 0.855 52.130 0.723 56.310 0.289 723.765
222.697 0.840 50.261 0.668 56.667 0.308 694.984
223.629 1.011 48.441 0.740 57.047 0.343 669.745
225.013 0.872 46.662 0.592 57.548 0.315 647.387
226.023 0.988 44.933 0.653 58.017 0.356 627.601
227.313 1.052 43.111 0.729 58.631 0.359 608.600
228.580 1.078 41.505 0.659 59.306 0.396 593.272
230.046 1.053 39.979 0.723 60.027 0.348 579.811
231.417 0.783 38.351 0.787 60.784 0.290 566.547
232.722 0.984 36.960 0.692 61.637 0.367 556.031
234.516 1.198 35.286 0.567 62.615 0.366 544.300
236.176 1.126 34.081 0.706 63.513 0.446 536.437
237.725 1.112 32.782 0.670 64.490 0.377 528.468
239.511 0.965 31.566 0.689 65.573 0.376 521.458
241.423 0.765 30.434 0.575 66.645 0.411 515.301
243.173 1.140 29.392 0.530 67.702 0.425 509.940
---
207.558 0.649 81.806 0.504 59.400 0.366 3117.190
207.896 0.741 80.133 0.529 58.642 0.379 2592.737
208.625 0.712 78.427 0.512 57.984 0.280 2214.597
209.194 0.760 76.576 0.526 57.259 0.306 1913.873
209.665 0.848 74.844 0.555 56.757 0.324 1699.344
210.361 0.760 72.866 0.527 56.169 0.323 1508.075
210.853 0.688 70.999 0.611 55.711 0.288 1364.640
211.700 0.901 69.065 0.669 55.401 0.337 1243.457
212.507 0.919 67.114 0.611 55.077 0.282 1142.468
213.306 0.816 65.082 0.594 54.889 0.298 1054.533
213.932 0.903 63.139 0.613 54.711 0.292 983.341
214.775 0.895 61.136 0.667 54.611 0.277 920.383
215.718 0.894 59.114 0.621 54.613 0.274 865.534
216.486 0.913 57.232 0.686 54.670 0.280 820.893
217.404 0.939 55.287 0.658 54.786 0.289 780.210
218.576 0.886 53.136 0.675 55.018 0.278 740.596
219.354 1.003 51.240 0.661 55.281 0.304 709.683
220.508 0.889 49.433 0.723 55.643 0.300 683.182
221.493 0.977 47.657 0.665 56.023 0.325 659.618
222.749 0.980 45.798 0.626 56.528 0.300 637.273
224.077 1.171 43.860 0.713 57.129 0.349 616.198
225.163 0.953 42.103 0.724 57.674 0.314 598.837
226.745 1.082 40.485 0.756 58.412 0.325 584.158
227.891 1.063 38.772 0.678 59.125 0.365 569.876
229.470 1.292 37.140 0.695 59.985 0.374 557.353
231.142 1.137 35.822 0.699 60.829 0.372 547.954
232.613 1.200 34.311 0.647 61.632 0.382 537.897
234.120 1.203 32.852 0.627 62.667 0.350 528.882
236.132 1.104 31.517 0.771 63.674 0.359 521.182
237.821 1.215 30.269 0.599 64.773 0.401 514.434
239.551 1.199 29.189 0.620 65.740 0.393 508.926
241.592 1.265 27.869 0.675 66.918 0.403 502.590
---
205.667 0.619 81.742 0.442 58.533 0.311 3093.376
206.339 0.688 79.979 0.490 57.767 0.332 2553.221
206.820 0.688 78.230 0.561 57.057 0.322 2178.173
207.350 0.781 76.441 0.483 56.442 0.300 1895.135
207.940 0.760 74.557 0.533 55.810 0.301 1668.598
208.497 0.900 72.586 0.512 55.281 0.290 1484.606
209.112 0.754 70.565 0.569 54.748 0.289 1335.280
209.771 0.863 68.744 0.657 54.451 0.287 1225.524
210.636 0.760 66.710 0.625 54.190 0.267 1123.695
211.225 0.835 64.711 0.707 53.904 0.279 1040.064
212.126 0.877 62.626 0.660 53.804 0.255 966.282
212.803 0.834 60.576 0.731 53.678 0.276 904.395
213.660 0.813 58.536 0.658 53.651 0.249 851.205
214.595 0.858 56.555 0.732 53.736 0.252 806.145
215.468 1.076 54.550 0.731 53.906 0.265 766.040
216.272 1.032 52.357 0.691 54.049 0.285 727.479
217.313 0.947 50.391 0.651 54.369 0.278 696.892
218.521 1.033 48.627 0.635 54.720 0.278 672.212
219.469 0.997 46.624 0.768 55.105 0.267 646.929
220.731 1.016 44.735 0.664 55.635 0.306 625.448
221.900 1.215 42.741 0.693 56.220 0.307 604.961
223.142 1.088 41.017 0.765 56.816 0.315 588.852
224.395 1.088 39.293 0.741 57.486 0.328 574.094
225.954 1.095 37.811 0.695 58.346 0.281 562.376
227.142 1.196 36.202 0.743 59.057 0.354 550.596
228.946 1.164 34.589 0.657 59.952 0.338 539.693
230.565 1.251 33.077 0.736 60.819 0.347 530.229
231.685 1.246 31.460 0.640 61.764 0.382 520.866
234.042 1.165 30.306 0.661 62.863 0.348 514.630
235.879 1.055 28.883 0.696 63.882 0.352 507.419
237.281 1.169 27.787 0.624 64.855 0.347 502.213
239.620 1.460 26.547 0.625 66.178 0.458 496.663
---
203.949 0.714 81.644 0.455 57.744 0.310 3057.302
204.311 0.677 79.909 0.506 56.949 0.298 2535.673
204.861 0.722 77.983 0.520 56.164 0.299 2133.951
205.440 0.842 76.093 0.544 55.507 0.299 1848.518
206.134 0.819 74.178 0.596 54.948 0.310 1629.611
206.623 0.746 72.375 0.587 54.464 0.248 1467.384
207.258 0.823 70.257 0.602 53.970 0.257 1315.300
207.833 0.878 68.278 0.685 53.571 0.289 1200.452
208.556 0.860 66.228 0.636 53.254 0.227 1102.196
209.270 0.943 64.138 0.652 53.044 0.265 1018.551
209.896 0.870 62.099 0.665 52.869 0.247 949.473
210.622 0.888 60.141 0.624 52.783 0.261 892.402
211.506 0.884 57.907 0.777 52.739 0.245 836.248
212.287 0.974 55.695 0.625 52.794 0.252 788.329
213.046 1.075 53.874 0.709 52.966 0.263 753.616
214.197 0.968 51.721 0.722 53.181 0.249 717.199
215.068 1.029 49.494 0.662 53.446 0.267 684.030
216.057 1.036 47.605 0.687 53.834 0.283 658.971
217.175 1.255 45.792 0.722 54.229 0.298 637.207
218.217 1.129 43.716 0.769 54.761 0.301 614.710
219.621 1.020 41.784 0.745 55.375 0.289 595.847
220.798 1.036 39.936 0.773 56.033 0.294 579.453
222.019 1.319 38.214 0.737 56.650 0.328 565.478
223.405 1.180 36.539 0.677 57.377 0.323 552.992
224.970 1.177 34.965 0.786 58.267 0.311 542.157
226.518 1.163 33.238 0.733 59.206 0.337 531.207
228.141 1.099 31.846 0.733 60.080 0.350 523.035
229.466 1.079 30.424 0.664 60.986 0.371 515.248
231.377 1.270 28.892 0.668 62.038 0.386 507.462
233.188 1.300 27.702 0.749 63.040 0.343 501.822
235.702 1.328 26.432 0.644 64.275 0.388 496.168
237.330 1.465 25.002 0.690 65.367 0.431 490.240
---
201.963 0.734 81.433 0.559 56.898 0.309 2982.690
202.365 0.769 79.724 0.543 56.112 0.328 2490.509
202.823 0.752 77.801 0.530 55.350 0.311 2102.637
203.467 0.825 75.937 0.557 54.725 0.283 1828.422
204.064 0.779 73.881 0.619 54.091 0.282 1600.325
204.643 0.843 72.024 0.601 53.603 0.261 1439.656
205.152 0.794 70.226 0.653 53.217 0.265 1313.281
205.734 0.752 68.006 0.620 52.767 0.247 1186.348
206.368 0.847 65.960 0.654 52.454 0.261 1090.642
206.917 0.876 63.771 0.724 52.179 0.259 1005.291
207.813 0.878 61.600 0.680 52.029 0.248 934.152
208.449 0.912 59.462 0.695 51.959 0.228 874.430
209.233 0.922 57.352 0.726 51.928 0.228 823.569
210.064 0.987 55.316 0.747 52.025 0.229 780.779
210.844 1.117 53.115 0.773 52.136 0.252 740.238
211.796 0.910 50.944 0.740 52.328 0.246 705.145
212.474 1.145 48.797 0.719 52.616 0.248 674.484
213.759 1.105 46.654 0.757 53.010 0.252 647.293
214.672 1.115 44.704 0.724 53.414 0.247 625.118
215.772 1.038 42.703 0.786 53.927 0.232 604.585
216.862 1.226 40.897 0.754 54.525 0.265 587.790
218.357 1.294 39.015 0.695 55.190 0.284 571.827
219.450 1.176 37.133 0.806 55.851 0.308 557.297
220.811 1.076 35.492 0.773 56.656 0.305 545.689
222.434 1.193 33.790 0.775 57.558 0.316 534.606
223.853 1.238 31.896 0.662 58.368 0.346 523.314
225.382 1.376 30.483 0.717 59.286 0.345 515.561
227.108 1.234 28.935 0.707 60.320 0.330 507.671
229.133 1.322 27.526 0.690 61.364 0.369 501.016
231.125 1.478 26.347 0.699 62.481 0.358 495.804
232.784 1.600 25.020 0.706 63.585 0.387 490.311
235.240 1.442 23.861 0.545 64.829 0.403 485.824
---
200.157 0.753 81.416 0.519 56.244 0.297 2976.741
200.595 0.774 79.575 0.524 55.432 0.301 2455.322
200.973 0.836 77.623 0.545 54.647 0.284 2072.837
201.468 0.857 75.811 0.623 54.013 0.294 1812.621
201.904 0.799 73.721 0.644 53.377 0.276 1584.989
202.504 0.744 71.807 0.614 52.852 0.241 1423.044
202.924 0.866 69.642 0.676 52.336 0.259 1277.146
203.547 0.830 67.580 0.653 52.002 0.238 1164.928
204.167 1.062 65.489 0.608 51.695 0.232 1070.935
204.768 0.841 63.282 0.633 51.413 0.232 988.221
205.570 1.006 61.016 0.759 51.253 0.209 916.914
206.064 0.914 58.957 0.722 51.163 0.205 861.590
206.779 1.002 56.723 0.736 51.149 0.226 809.743
207.725 1.015 54.556 0.659 51.238 0.220 766.148
208.665 1.084 52.340 0.734 51.410 0.212 727.205
209.071 1.057 50.210 0.811 51.568 0.210 694.239
210.041 1.009 47.977 0.788 51.871 0.222 663.701
211.282 1.101 45.964 0.719 52.255 0.235 639.178
212.209 1.237 43.987 0.758 52.694 0.239 617.510
212.995 1.122 41.951 0.760 53.167 0.277 597.403
214.136 1.264 39.869 0.764 53.789 0.294 578.879
215.597 1.190 38.007 0.808 54.427 0.238 563.881
216.756 1.475 36.138 0.746 55.122 0.303 550.152
217.961 1.112 34.383 0.704 55.883 0.300 538.361
219.465 1.225 32.582 0.736 56.767 0.314 527.284
220.935 1.383 31.003 0.796 57.666 0.316 518.354
222.392 1.371 29.256 0.603 58.606 0.356 509.260
224.249 1.383 27.850 0.763 59.635 0.347 502.505
225.933 1.299 26.456 0.687 60.675 0.373 496.272
228.125 1.645 25.226 0.575 61.740 0.366 491.136
230.058 1.225 23.766 0.702 62.873 0.376 485.467
232.276 1.495 22.567 0.664 64.091 0.372 481.139
---
198.312 0.842 81.204 0.521 55.565 0.293 2905.604
198.712 0.752 79.480 0.541 54.821 0.288 2433.536
198.875 0.848 77.552 0.566 54.013 0.263 2061.250
199.298 0.873 75.553 0.600 53.312 0.266 1780.908
199.726 0.841 73.566 0.550 52.707 0.256 1570.493
200.316 0.896 71.567 0.608 52.185 0.245 1405.133
200.816 0.900 69.426 0.691 51.706 0.252 1264.322
201.191 0.838 67.169 0.649 51.277 0.214 1145.055
201.818 1.072 65.095 0.667 50.954 0.218 1055.057
202.383 1.033 62.959 0.669 50.714 0.196 977.273
203.123 0.963 60.703 0.773 50.574 0.209 907.964
203.741 1.096 58.425 0.690 50.457 0.196 848.515
204.264 1.090 56.126 0.725 50.438 0.202 797.139
205.060 1.042 53.993 0.716 50.528 0.193 755.758
205.708 1.010 51.678 0.709 50.621 0.199 716.528
206.654 1.116 49.515 0.741 50.895 0.192 684.336
207.694 1.137 47.290 0.744 51.242 0.214 655.028
208.314 1.202 45.137 0.743 51.550 0.237 629.848
209.156 1.211 43.152 0.770 51.942 0.241 609.010
210.355 1.204 41.002 0.764 52.524 0.233 588.724
211.378 1.250 38.977 0.777 53.100 0.245 571.525
212.539 1.273 36.992 0.769 53.775 0.258 556.262
213.485 1.402 35.076 0.690 54.495 0.309 542.894
215.045 1.370 33.300 0.718 55.314 0.297 531.583
216.382 1.467 31.515 0.725 56.156 0.315 521.169
217.720 1.346 29.866 0.746 56.993 0.309 512.345
219.477 1.606 28.304 0.663 58.046 0.317 504.631
220.849 1.476 26.677 0.728 58.993 0.345 497.228
222.898 1.718 25.205 0.687 60.094 0.369 491.053
224.863 1.857 23.693 0.598 61.216 0.402 485.197
226.699 1.862 22.476 0.639 62.320 0.385 480.825
229.627 1.487 21.243 0.652 63.550 0.387 476.690
---
196.173 0.715 81.129 0.484 54.961 0.272 2881.138
196.374 0.812 79.285 0.538 54.142 0.262 2389.769
196.939 0.830 77.472 0.570 53.476 0.269 2048.236
197.135 0.859 75.438 0.556 52.736 0.241 1767.112
197.584 0.819 73.356 0.604 52.097 0.233 1551.209
198.223 0.867 71.249 0.652 51.561 0.230 1382.121
198.358 0.896 69.211 0.693 51.073 0.225 1251.791
199.051 1.014 66.927 0.678 50.648 0.208 1133.695
199.444 1.067 64.787 0.737 50.349 0.176 1043.009
200.084 1.040 62.473 0.693 50.095 0.183 961.356
200.544 0.897 60.246 0.715 49.901 0.173 895.278
201.172 1.119 58.044 0.720 49.806 0.185 839.473
201.749 0.942 55.611 0.705 49.809 0.170 786.634
202.534 1.037 53.361 0.751 49.869 0.183 744.504
203.140 1.060 51.089 0.754 50.043 0.172 707.354
203.908 1.122 48.888 0.790 50.269 0.208 675.710
204.565 1.167 46.655 0.813 50.541 0.207 647.297
205.405 0.940 44.454 0.787 50.911 0.205 622.431
206.204 1.175 42.197 0.780 51.366 0.225 599.730
207.209 1.292 40.177 0.678 51.882 0.220 581.504
208.096 1.126 38.117 0.808 52.510 0.226 564.728
209.385 1.300 36.202 0.825 53.202 0.251 550.596
210.335 1.430 34.204 0.790 53.920 0.247 537.216
211.803 1.492 32.201 0.713 54.757 0.274 525.063
212.960 1.432 30.517 0.670 55.547 0.254 515.744
214.879 1.477 28.867 0.688 56.506 0.308 507.342
215.704 1.531 27.103 0.717 57.459 0.324 499.107
217.424 1.743 25.409 0.702 58.521 0.347 491.881
219.473 1.977 23.865 0.653 59.513 0.319 485.840
221.321 1.691 22.647 0.624 60.616 0.366 481.419
223.660 1.769 21.166 0.706 61.817 0.360 476.440
225.651 1.902 19.936 0.687 63.027 0.391 472.624
---
193.965 0.831 81.049 0.540 54.457 0.284 2855.560
194.492 0.887 79.088 0.552 53.629 0.270 2347.070
194.770 0.820 77.285 0.594 52.904 0.245 2018.654
195.151 0.814 75.255 0.555 52.213 0.219 1745.605
195.324 0.932 73.032 0.602 51.508 0.206 1522.401
195.616 0.860 71.170 0.665 50.999 0.218 1376.560
196.249 0.908 68.833 0.720 50.511 0.203 1230.422
196.649 0.998 66.632 0.757 50.094 0.195 1120.154
196.997 0.962 64.450 0.670 49.784 0.177 1030.146
197.550 1.053 62.322 0.709 49.551 0.164 956.516
198.137 1.040 59.776 0.717 49.357 0.157 882.634
198.476 1.042 57.594 0.794 49.242 0.144 829.051
199.081 1.033 55.200 0.736 49.249 0.158 778.503
199.674 1.140 52.801 0.718 49.296 0.159 734.884
200.267 1.122 50.473 0.773 49.457 0.169 698.095
201.134 1.058 48.399 0.802 49.699 0.172 669.184
201.495 1.135 45.957 0.792 49.964 0.164 639.093
202.535 1.158 43.851 0.814 50.381 0.191 616.109
203.266 1.332 41.510 0.821 50.865 0.210 593.322
204.092 1.413 39.377 0.843 51.392 0.208 574.780
205.201 1.484 37.315 0.806 52.030 0.228 558.644
205.883 1.418 35.340 0.703 52.649 0.252 544.664
206.764 1.469 33.388 0.745 53.370 0.263 532.121
208.025 1.507 31.348 0.669 54.171 0.282 520.243
209.272 1.518 29.576 0.780 55.050 0.293 510.865
210.723 1.656 27.790 0.776 56.015 0.299 502.227
212.220 1.654 25.987 0.737 56.976 0.305 494.274
213.368 1.741 24.374 0.686 57.955 0.314 487.776
215.398 1.819 22.961 0.671 59.058 0.316 482.532
216.984 1.930 21.285 0.725 60.195 0.365 476.825
219.483 1.925 19.980 0.715 61.357 0.337 472.755
221.506 1.655 18.861 0.580 62.469 0.339 469.509
---
192.028 0.799 81.019 0.539 54.053 0.280 2846.050
192.220 0.676 79.098 0.562 53.202 0.279 2349.194
192.605 0.803 77.140 0.581 52.458 0.242 1996.158
192.908 0.860 75.072 0.649 51.736 0.227 1724.733
193.086 0.856 73.070 0.648 51.111 0.195 1525.754
193.440 0.878 70.859 0.676 50.531 0.191 1354.990
193.866 0.910 68.668 0.700 50.053 0.182 1221.359
194.150 1.013 66.473 0.662 49.644 0.166 1113.010
194.464 0.911 64.172 0.700 49.273 0.154 1019.790
195.057 1.078 61.839 0.748 49.046 0.142 941.398
195.579 1.019 59.526 0.755 48.870 0.131 876.081
195.888 1.101 57.207 0.810 48.754 0.124 820.348
196.290 1.101 54.809 0.782 48.748 0.130 770.949
196.873 1.185 52.501 0.753 48.815 0.139 729.854
197.333 1.065 50.095 0.765 48.963 0.136 692.575
198.024 1.160 47.780 0.789 49.197 0.150 661.187
198.616 1.212 45.364 0.714 49.526 0.157 632.362
199.255 1.377 43.362 0.828 49.884 0.168 611.119
199.985 1.299 41.023 0.759 50.378 0.174 588.910
200.629 1.186 38.730 0.794 50.900 0.217 569.537
201.564 1.312 36.636 0.739 51.511 0.206 553.682
202.349 1.486 34.555 0.736 52.180 0.245 539.473
203.064 1.440 32.497 0.768 52.923 0.264 526.782
204.451 1.542 30.582 0.653 53.751 0.279 516.089
205.499 1.621 28.688 0.739 54.622 0.308 506.469
206.601 1.998 26.846 0.683 55.566 0.285 497.972
208.198 1.676 25.076 0.762 56.567 0.299 490.535
209.681 1.817 23.531 0.619 57.560 0.333 484.596
211.095 1.678 21.866 0.731 58.712 0.328 478.741
212.919 2.124 20.453 0.765 59.854 0.332 474.193
214.485 2.431 18.976 0.687 60.972 0.377 469.832
217.036 2.308 17.510 0.634 62.258 0.364 465.888
---
189.980 0.885 80.875 0.513 53.631 0.255 2801.713
190.020 0.959 79.021 0.610 52.826 0.257 2332.815
190.453 0.834 77.000 0.611 52.070 0.214 1975.123
190.616 0.876 74.975 0.634 51.359 0.230 1713.865
190.824 0.804 72.831 0.656 50.688 0.206 1505.132
190.935 0.972 70.683 0.650 50.105 0.174 1343.134
191.315 0.928 68.404 0.665 49.627 0.176 1207.138
191.706 0.952 66.148 0.728 49.229 0.147 1098.746
192.040 0.914 63.937 0.726 48.897 0.135 1011.259
192.175 1.065 61.614 0.737 48.611 0.134 934.572
192.842 1.083 59.220 0.806 48.451 0.116 868.204
193.052 1.089 56.814 0.829 48.355 0.110 811.720
193.374 1.170 54.509 0.740 48.330 0.107 765.279
193.791 1.217 52.099 0.729 48.386 0.103 723.265
194.508 1.197 49.685 0.764 48.567 0.117 686.722
194.876 1.281 47.353 0.746 48.792 0.134 655.813
195.347 1.258 44.911 0.825 49.096 0.143 627.365
195.896 1.280 42.530 0.788 49.501 0.174 602.912
196.376 1.335 40.385 0.719 49.967 0.183 583.297
197.164 1.394 38.275 0.800 50.488 0.196 565.955
197.649 1.297 35.925 0.795 51.121 0.213 548.666
198.609 1.577 33.946 0.841 51.810 0.239 535.585
199.583 1.557 31.817 0.777 52.593 0.259 522.866
200.492 1.607 29.730 0.777 53.433 0.256 511.648
201.399 1.616 27.856 0.782 54.302 0.285 502.531
202.431 1.838 26.131 0.762 55.202 0.302 494.881
203.700 1.937 24.279 0.704 56.214 0.312 487.411
204.799 2.143 22.614 0.658 57.205 0.303 481.304
205.751 2.169 20.990 0.696 58.264 0.338 475.879
207.879 2.211 19.394 0.693 59.514 0.362 471.029
209.642 1.846 18.001 0.612 60.700 0.306 467.166
211.262 2.471 16.446 0.588 61.910 0.400 463.253
---
187.606 0.802 80.943 0.574 53.387 0.256 2822.453
187.970 0.825 78.910 0.631 52.526 0.256 2309.800
188.046 1.003 76.845 0.624 51.697 0.230 1952.171
188.123 0.913 74.893 0.628 51.026 0.212 1704.719
188.403 0.890 72.830 0.607 50.392 0.194 1505.003
188.635 0.960 70.568 0.663 49.799 0.171 1335.482
188.719 0.926 68.391 0.661 49.313 0.159 1206.462
189.199 1.074 66.084 0.661 48.903 0.133 1095.946
189.361 1.011 63.718 0.746 48.553 0.118 1003.421
189.669 1.093 61.333 0.762 48.295 0.107 926.172
189.862 1.033 58.969 0.708 48.110 0.098 861.875
190.273 1.115 56.587 0.790 48.026 0.086 806.829
190.655 1.140 54.163 0.772 48.003 0.088 758.867
190.932 1.129 51.792 0.825 48.072 0.093 718.332
191.289 1.210 49.456 0.787 48.225 0.102 683.506
191.596 1.219 46.946 0.919 48.455 0.113 650.814
192.144 1.294 44.531 0.816 48.780 0.131 623.254
192.608 1.340 42.217 0.794 49.183 0.142 599.916
193.097 1.351 39.883 0.822 49.682 0.182 579.002
193.481 1.523 37.624 0.745 50.210 0.178 560.958
194.209 1.706 35.495 0.843 50.810 0.197 545.709
194.539 1.699 33.294 0.769 51.514 0.235 531.547
195.481 1.668 31.255 0.768 52.268 0.252 519.728
196.120 1.829 29.157 0.737 53.087 0.280 508.766
196.913 1.750 27.284 0.733 54.001 0.279 499.917
197.533 1.754 25.517 0.736 54.899 0.268 492.324
198.410 1.943 23.666 0.601 55.867 0.287 485.096
199.503 1.923 21.834 0.796 56.996 0.311 478.636
200.520 2.046 20.195 0.771 58.052 0.337 473.402
202.357 2.536 18.704 0.628 59.222 0.343 469.073
204.125 2.509 17.214 0.597 60.361 0.340 465.134
205.550 2.756 15.680 0.692 61.653 0.368 461.474
---
185.492 0.791 80.831 0.536 53.132 0.241 2788.146
185.762 0.849 78.890 0.545 52.295 0.229 2305.797
185.732 0.838 76.928 0.579 51.531 0.211 1964.402
185.878 0.881 74.837 0.589 50.799 0.192 1698.658
186.068 0.939 72.670 0.632 50.143 0.178 1491.587
186.063 0.961 70.418 0.683 49.556 0.172 1325.643
186.436 1.031 68.109 0.689 49.051 0.142 1191.638
186.559 1.050 65.903 0.706 48.637 0.117 1088.202
186.832 1.003 63.564 0.758 48.311 0.111 997.971
186.938 1.094 61.123 0.777 48.041 0.089 920.018
187.184 1.114 58.796 0.794 47.862 0.079 857.569
187.217 1.036 56.300 0.737 47.762 0.063 800.772
187.703 1.058 53.868 0.764 47.759 0.056 753.499
187.743 1.126 51.509 0.816 47.821 0.069 713.862
188.316 1.105 48.921 0.808 47.989 0.070 676.157
188.329 1.232 46.671 0.813 48.210 0.104 647.486
188.343 1.149 44.369 0.854 48.504 0.114 621.532
188.990 1.336 41.795 0.776 48.943 0.139 595.944
189.479 1.463 39.569 0.888 49.411 0.154 576.368
189.849 1.559 37.435 0.756 49.917 0.172 559.540
190.274 1.438 35.157 0.823 50.561 0.192 543.435
190.669 1.705 32.932 0.721 51.275 0.204 529.362
191.233 1.648 30.764 0.837 52.028 0.241 517.060
191.521 1.847 28.774 0.774 52.875 0.247 506.886
192.102 1.693 26.764 0.764 53.733 0.288 497.607
192.684 1.838 24.948 0.687 54.670 0.270 490.024
193.539 1.953 23.133 0.690 55.681 0.281 483.149
194.237 2.053 21.208 0.708 56.782 0.323 476.578
195.652 2.269 19.537 0.749 57.915 0.337 471.444
196.355 2.380 18.009 0.732 59.004 0.359 467.188
197.234 2.937 16.533 0.556 60.138 0.319 463.462
198.353 2.658 15.065 0.600 61.319 0.368 460.114
---
183.217 0.907 80.857 0.607 53.000 0.277 2796.218
183.511 0.951 78.911 0.546 52.160 0.223 2310.052
183.492 0.922 76.887 0.600 51.369 0.219 1958.379
183.589 0.879 74.869 0.632 50.676 0.196 1702.078
183.568 0.937 72.575 0.597 49.973 0.170 1483.655
183.716 1.013 70.450 0.685 49.422 0.157 1327.718
183.905 0.939 68.078 0.681 48.901 0.137 1190.067
184.003 1.067 65.839 0.649 48.490 0.115 1085.526
184.068 1.038 63.555 0.720 48.150 0.094 997.662
184.169 1.062 61.079 0.672 47.878 0.070 918.739
184.197 1.051 58.740 0.770 47.699 0.056 856.207
184.474 1.180 56.063 0.794 47.601 0.035 795.833
184.484 1.144 53.839 0.798 47.585 0.038 752.970
184.808 1.190 51.265 0.804 47.662 0.051 710.056
185.027 1.177 48.875 0.825 47.816 0.072 675.538
185.101 1.401 46.583 0.856 48.030 0.091 646.444
185.267 1.287 44.073 0.805 48.363 0.102 618.416
185.350 1.349 41.710 0.803 48.749 0.126 595.157
185.680 1.445 39.313 0.765 49.250 0.145 574.253
185.911 1.465 37.013 0.789 49.796 0.189 556.420
186.434 1.545 34.856 0.681 50.422 0.192 541.441
186.522 1.644 32.602 0.715 51.126 0.215 527.400
186.544 1.902 30.546 0.765 51.869 0.221 515.897
186.786 1.837 28.405 0.774 52.677 0.235 505.110
187.550 1.961 26.414 0.690 53.614 0.248 496.089
187.896 1.855 24.591 0.762 54.540 0.277 488.616
188.362 2.087 22.777 0.711 55.543 0.295 481.877
188.798 2.080 21.002 0.714 56.577 0.331 475.915
189.099 2.400 19.157 0.649 57.712 0.326 470.347
190.554 2.669 17.621 0.626 58.866 0.339 466.172
191.349 2.658 16.047 0.626 60.073 0.340 462.314
191.105 2.902 14.423 0.526 61.330 0.373 458.759
---
181.045 0.833 80.842 0.547 52.932 0.248 2791.453
181.216 0.907 78.881 0.555 52.077 0.229 2303.908
181.181 0.892 76.886 0.590 51.301 0.213 1958.289
181.256 0.866 74.738 0.674 50.557 0.215 1687.841
181.231 0.966 72.539 0.699 49.897 0.193 1480.690
181.174 0.902 70.399 0.692 49.332 0.159 1324.421
181.322 1.050 68.058 0.649 48.812 0.127 1189.022
181.339 1.061 65.797 0.792 48.408 0.115 1083.737
181.351 1.000 63.324 0.769 48.045 0.093 989.651
181.298 1.090 60.949 0.731 47.787 0.066 914.984
181.500 1.116 58.526 0.782 47.613 0.043 850.963
181.512 1.103 56.126 0.779 47.516 0.021 797.145
181.604 1.045 53.705 0.858 47.504 0.015 750.587
181.638 1.209 51.272 0.795 47.573 0.034 710.168
181.748 1.251 48.700 0.834 47.735 0.057 673.185
181.567 1.365 46.528 0.825 47.952 0.079 645.781
181.799 1.355 44.005 0.806 48.278 0.103 617.697
181.732 1.377 41.613 0.758 48.677 0.121 594.269
181.759 1.353 39.211 0.809 49.150 0.143 573.420
181.755 1.548 36.903 0.802 49.713 0.176 555.616
182.041 1.498 34.585 0.875 50.367 0.198 539.665
182.431 1.617 32.595 0.769 51.017 0.204 527.358
182.271 1.587 30.355 0.879 51.824 0.237 514.884
182.134 1.811 28.249 0.755 52.662 0.256 504.372
182.397 1.772 26.260 0.826 53.541 0.298 495.431
182.470 1.831 24.430 0.694 54.458 0.279 487.993
182.892 2.188 22.448 0.726 55.490 0.304 480.726
183.003 2.174 20.670 0.628 56.625 0.327 474.867
183.392 2.280 19.042 0.626 57.671 0.329 470.018
183.431 2.501 17.382 0.696 58.795 0.325 465.561
184.027 2.611 15.741 0.666 60.006 0.339 461.611
184.634 2.975 14.305 0.592 61.319 0.371 458.517
---
178.974 0.821 80.888 0.576 52.945 0.268 2805.512
178.750 0.738 78.703 0.613 52.002 0.240 2267.980
178.771 0.867 76.841 0.615 51.282 0.220 1951.696
178.803 0.941 74.740 0.657 50.566 0.208 1688.055
178.805 0.820 72.570 0.650 49.897 0.177 1483.300
178.703 1.010 70.514 0.689 49.362 0.151 1331.949
178.635 0.980 68.137 0.700 48.834 0.134 1193.131
178.563 1.092 65.737 0.664 48.398 0.108 1081.199
178.626 0.933 63.368 0.737 48.055 0.092 991.158
178.510 1.118 60.968 0.749 47.792 0.063 915.515
178.576 1.057 58.586 0.772 47.614 0.042 852.435
178.526 1.081 56.080 0.770 47.516 0.019 796.178
178.460 1.180 53.675 0.737 47.504 0.015 750.052
178.140 1.203 51.188 0.874 47.577 0.039 708.877
178.415 1.208 48.737 0.762 47.730 0.059 673.677
178.428 1.213 46.397 0.781 47.960 0.082 644.234
178.290 1.388 43.898 0.805 48.292 0.104 616.587
178.189 1.550 41.642 0.811 48.672 0.124 594.530
178.130 1.391 39.332 0.793 49.135 0.158 574.413
178.068 1.501 37.014 0.812 49.703 0.171 556.429
177.988 1.431 34.770 0.829 50.331 0.201 540.873
177.843 1.604 32.460 0.730 51.047 0.214 526.565
177.792 1.736 30.350 0.850 51.798 0.235 514.859
177.738 1.839 28.184 0.731 52.627 0.244 504.065
177.419 1.759 26.348 0.796 53.519 0.268 495.806
177.054 1.979 24.313 0.800 54.485 0.291 487.538
176.994 2.127 22.620 0.732 55.441 0.300 481.327
177.423 2.423 20.641 0.621 56.573 0.312 474.778
177.005 2.420 18.940 0.662 57.712 0.331 469.732
176.759 2.772 17.311 0.612 58.824 0.343 465.380
175.977 2.637 15.770 0.657 60.005 0.344 461.678
176.472 2.919 14.228 0.615 61.301 0.344 458.361
---
176.736 0.755 80.837 0.620 52.992 0.281 2790.151
176.759 0.918 78.759 0.560 52.092 0.237 2279.110
176.577 0.865 76.792 0.607 51.329 0.219 1944.482
176.574 0.845 74.713 0.602 50.622 0.194 1685.182
176.370 0.982 72.585 0.692 49.978 0.191 1484.484
176.262 0.938 70.476 0.711 49.428 0.165 1329.449
176.229 0.945 68.129 0.727 48.903 0.136 1192.689
175.988 0.955 65.792 0.677 48.480 0.109 1083.514
175.827 1.092 63.413 0.709 48.138 0.094 992.711
175.717 1.000 61.202 0.755 47.891 0.073 922.327
175.917 0.975 58.630 0.739 47.686 0.056 853.490
175.552 1.056 56.234 0.676 47.599 0.038 799.379
175.533 1.217 53.710 0.800 47.586 0.037 750.664
175.311 1.220 51.347 0.760 47.656 0.047 711.327
174.992 1.250 48.957 0.834 47.805 0.068 676.636
175.081 1.224 46.583 0.715 48.039 0.086 646.443
174.780 1.269 44.088 0.817 48.363 0.107 618.571
174.536 1.363 41.645 0.832 48.766 0.136 594.555
174.404 1.555 39.265 0.743 49.257 0.146 573.866
173.907 1.391 37.052 0.779 49.800 0.172 556.703
173.964 1.617 34.919 0.720 50.404 0.190 541.854
173.674 1.698 32.624 0.733 51.106 0.208 527.532
173.230 1.893 30.503 0.801 51.884 0.224 515.669
173.034 1.852 28.648 0.790 52.662 0.231 506.277
172.722 1.653 26.383 0.774 53.621 0.267 495.958
171.829 2.039 24.522 0.767 54.574 0.293 488.349
172.099 2.246 22.617 0.709 55.563 0.277 481.317
171.525 2.227 20.962 0.730 56.586 0.322 475.789
170.571 2.413 19.281 0.626 57.685 0.345 470.703
169.855 2.326 17.645 0.681 58.855 0.319 466.235
170.365 2.705 16.120 0.714 59.948 0.378 462.484
168.687 2.836 14.406 0.559 61.411 0.362 458.723
---
174.527 0.863 80.891 0.555 53.148 0.252 2806.469
174.180 0.733 78.879 0.561 52.295 0.238 2303.584
174.163 0.835 76.893 0.602 51.515 0.222 1959.180
174.264 0.843 74.904 0.602 50.817 0.202 1706.030
173.931 0.869 72.624 0.624 50.125 0.174 1487.705
173.810 1.004 70.488 0.639 49.575 0.160 1330.215
173.618 0.906 68.334 0.689 49.092 0.145 1203.416
173.451 1.053 65.850 0.705 48.641 0.131 1085.980
173.400 1.020 63.557 0.779 48.303 0.105 997.751
173.076 1.128 61.164 0.745 48.038 0.089 921.199
172.797 1.120 58.776 0.759 47.859 0.072 857.089
172.695 1.192 56.297 0.731 47.768 0.064 800.713
172.382 1.179 53.942 0.778 47.756 0.059 754.839
172.232 1.257 51.402 0.752 47.822 0.065 712.192
171.879 1.306 49.170 0.770 47.973 0.080 679.543
171.650 1.275 46.593 0.788 48.211 0.110 646.555
171.190 1.258 44.374 0.857 48.523 0.115 621.584
170.971 1.465 41.934 0.777 48.937 0.145 597.242
170.789 1.405 39.523 0.786 49.417 0.149 575.986
170.077 1.551 37.182 0.807 49.970 0.191 557.661
169.811 1.456 35.080 0.789 50.570 0.194 542.924
169.180 1.602 32.887 0.720 51.264 0.211 529.088
168.936 1.704 30.801 0.820 52.036 0.238 517.259
168.341 1.996 28.728 0.743 52.851 0.251 506.667
167.840 1.857 26.755 0.702 53.745 0.274 497.569
166.888 2.027 24.918 0.729 54.671 0.295 489.905
166.721 2.021 23.125 0.780 55.644 0.281 483.118
165.475 2.263 21.262 0.703 56.750 0.327 476.752
164.672 2.265 19.603 0.602 57.862 0.342 471.637
163.679 2.536 18.090 0.678 59.008 0.356 467.404
162.499 2.502 16.458 0.686 60.204 0.374 463.282
161.355 2.714 14.838 0.570 61.471 0.375 459.627
---
172.358 0.881 80.817 0.526 53.326 0.246 2784.100
172.069 0.751 78.985 0.585 52.537 0.261 2325.374
171.881 0.790 76.937 0.618 51.733 0.237 1965.801
171.825 0.905 74.828 0.621 51.008 0.217 1697.672
171.500 0.875 72.795 0.667 50.409 0.197 1502.083
171.390 0.990 70.576 0.639 49.818 0.164 1336.047
171.005 0.911 68.310 0.667 49.315 0.152 1202.145
170.919 1.034 65.959 0.665 48.883 0.144 1090.602
170.509 0.987 63.654 0.754 48.550 0.120 1001.140
170.224 1.082 61.394 0.738 48.313 0.101 927.967
169.913 1.016 59.023 0.771 48.134 0.093 863.226
169.726 1.057 56.544 0.859 48.017 0.080 805.923
169.319 1.145 54.269 0.813 48.008 0.083 760.806
169.066 1.149 51.658 0.813 48.074 0.090 716.202
168.742 1.257 49.298 0.841 48.235 0.101 681.315
168.344 1.238 46.957 0.844 48.456 0.109 650.942
167.929 1.176 44.407 0.739 48.794 0.139 621.930
167.834 1.327 42.268 0.852 49.151 0.136 600.399
166.988 1.503 39.914 0.800 49.637 0.159 579.264
166.596 1.394 37.718 0.721 50.156 0.171 561.674
165.921 1.537 35.360 0.871 50.840 0.208 544.797
165.448 1.394 33.294 0.785 51.513 0.228 531.544
164.867 1.634 31.304 0.727 52.239 0.222 520.003
163.815 1.819 29.178 0.811 53.088 0.239 508.869
163.318 1.963 27.259 0.711 53.991 0.283 499.808
162.096 2.063 25.369 0.753 54.918 0.284 491.717
161.050 2.047 23.651 0.747 55.878 0.298 485.042
160.363 2.184 21.808 0.797 56.971 0.337 478.546
159.283 2.168 20.212 0.614 58.057 0.340 473.456
157.575 2.331 18.673 0.680 59.229 0.348 468.987
155.808 1.971 17.117 0.662 60.339 0.353 464.891
154.774 2.888 15.730 0.658 61.525 0.349 461.587
---
170.047 0.769 80.907 0.580 53.643 0.293 2811.362
169.870 0.846 79.022 0.591 52.832 0.250 2333.190
169.735 0.832 77.058 0.584 52.061 0.245 1983.740
169.411 0.971 75.017 0.607 51.363 0.237 1718.499
169.217 0.893 72.752 0.705 50.674 0.205 1498.443
169.004 0.959 70.646 0.656 50.123 0.173 1340.691
168.587 0.965 68.517 0.709 49.642 0.175 1213.191
168.165 1.004 66.170 0.691 49.233 0.149 1099.696
168.118 0.875 63.918 0.745 48.863 0.144 1010.571
167.581 1.114 61.594 0.738 48.627 0.123 933.949
167.377 1.069 59.070 0.776 48.428 0.114 864.425
166.943 1.065 56.850 0.881 48.351 0.108 812.503
166.457 1.168 54.448 0.812 48.341 0.115 764.137
166.114 1.176 51.937 0.770 48.404 0.115 720.653
165.537 1.200 49.619 0.735 48.574 0.126 685.785
165.380 1.195 47.203 0.818 48.785 0.129 653.954
164.630 1.253 44.840 0.838 49.116 0.151 626.584
164.086 1.363 42.575 0.733 49.514 0.185 603.350
163.349 1.395 40.355 0.791 49.960 0.173 583.034
162.755 1.351 38.314 0.786 50.502 0.207 566.257
162.109 1.566 35.909 0.815 51.138 0.221 548.550
161.586 1.480 33.846 0.759 51.799 0.214 534.953
160.700 1.671 31.748 0.742 52.548 0.248 522.481
159.686 1.669 29.810 0.740 53.397 0.279 512.056
158.839 1.768 27.846 0.771 54.293 0.272 502.484
157.741 1.803 26.047 0.700 55.201 0.285 494.526
156.475 1.693 24.430 0.727 56.180 0.312 487.992
154.428 2.086 22.629 0.588 57.295 0.323 481.356
153.842 2.222 21.003 0.677 58.323 0.342 475.921
152.075 2.375 19.528 0.721 59.447 0.355 471.416
150.393 2.199 17.984 0.737 60.725 0.366 467.123
148.368 2.490 16.395 0.606 61.912 0.367 463.131
---
167.979 0.848 80.993 0.563 54.023 0.278 2837.849
167.664 0.800 79.117 0.573 53.221 0.274 2353.299
167.480 0.808 77.158 0.593 52.454 0.258 1998.911
167.164 0.930 75.065 0.627 51.706 0.234 1723.937
166.971 0.929 73.038 0.639 51.098 0.217 1522.967
166.577 0.933 70.840 0.683 50.524 0.213 1353.735
166.188 0.978 68.625 0.715 50.023 0.178 1219.047
165.882 0.923 66.437 0.653 49.626 0.174 1111.407
165.454 0.980 64.221 0.715 49.316 0.165 1021.595
165.037 0.971 61.770 0.731 49.021 0.142 939.290
164.758 0.984 59.456 0.667 48.854 0.140 874.275
164.131 1.148 57.203 0.773 48.765 0.145 820.258
163.686 1.138 54.746 0.755 48.750 0.140 769.740
163.284 1.137 52.296 0.776 48.803 0.125 726.470
162.564 1.253 50.187 0.802 48.967 0.138 693.915
162.086 1.076 47.798 0.725 49.194 0.146 661.411
161.518 1.212 45.360 0.788 49.499 0.152 632.318
160.695 1.280 43.121 0.741 49.897 0.170 608.705
159.965 1.379 40.951 0.782 50.378 0.193 588.266
159.379 1.184 38.806 0.830 50.877 0.198 570.147
158.329 1.639 36.628 0.762 51.550 0.229 553.625
157.704 1.272 34.682 0.815 52.155 0.216 540.296
156.517 1.838 32.588 0.781 52.943 0.247 527.319
155.662 1.628 30.621 0.698 53.754 0.256 516.295
154.650 1.744 28.707 0.762 54.618 0.290 506.564
153.425 1.833 26.941 0.742 55.540 0.326 498.390
152.068 1.767 24.994 0.720 56.549 0.340 490.207
150.737 1.829 23.497 0.719 57.532 0.308 484.473
148.701 1.888 22.072 0.676 58.630 0.357 479.435
147.365 2.066 20.183 0.719 59.870 0.341 473.365
145.447 2.302 18.724 0.759 60.999 0.353 469.127
143.099 2.454 17.434 0.718 62.265 0.383 465.693
---
165.862 0.854 81.000 0.539 54.453 0.285 2840.308
165.612 0.882 79.166 0.588 53.645 0.279 2363.704
165.244 0.815 77.269 0.595 52.910 0.251 2016.121
164.998 0.892 75.300 0.589 52.196 0.237 1750.827
164.585 0.763 73.108 0.594 51.543 0.235 1529.032
164.243 0.865 70.990 0.607 50.984 0.188 1363.977
163.913 0.909 68.971 0.663 50.506 0.206 1238.177
163.418 0.856 66.659 0.689 50.100 0.193 1121.413
163.043 0.968 64.432 0.752 49.766 0.180 1029.463
162.439 1.016 62.149 0.726 49.540 0.163 951.047
161.917 1.044 59.933 0.689 49.360 0.152 886.815
161.450 1.109 57.418 0.778 49.239 0.151 825.066
160.913 1.062 55.226 0.778 49.233 0.149 778.999
160.353 1.083 52.932 0.822 49.294 0.149 737.099
159.709 1.074 50.579 0.795 49.450 0.150 699.676
159.043 1.081 48.189 0.739 49.689 0.165 666.439
158.248 1.364 46.086 0.741 49.980 0.182 640.586
157.604 1.306 43.754 0.723 50.363 0.208 615.106
156.970 1.346 41.626 0.861 50.817 0.188 594.386
156.014 1.238 39.401 0.755 51.362 0.226 574.983
155.182 1.440 37.319 0.781 51.965 0.225 558.677
154.259 1.380 35.352 0.758 52.642 0.247 544.741
152.871 1.431 33.238 0.783 53.454 0.274 531.202
152.043 1.495 31.363 0.646 54.166 0.290 520.329
150.747 1.483 29.599 0.805 55.047 0.259 510.981
149.245 1.615 27.808 0.773 55.984 0.325 502.309
147.869 1.759 26.214 0.727 56.967 0.322 495.235
146.157 1.729 24.250 0.655 58.065 0.341 487.298
144.741 1.536 22.911 0.700 59.054 0.324 482.352
142.545 1.993 21.434 0.639 60.270 0.369 477.310
140.915 2.045 19.971 0.635 61.338 0.379 472.726
138.396 2.336 18.687 0.687 62.585 0.401 469.024
---
163.868 0.848 81.127 0.556 54.980 0.321 2880.377
163.556 0.802 79.401 0.564 54.217 0.272 2415.528
163.191 0.799 77.377 0.576 53.412 0.257 2033.080
162.726 0.830 75.300 0.503 52.689 0.217 1750.899
162.271 0.841 73.312 0.585 52.073 0.251 1547.235
161.920 0.831 71.207 0.654 51.530 0.223 1379.144
161.413 0.959 69.027 0.695 51.083 0.223 1241.309
161.058 0.890 67.007 0.705 50.674 0.204 1137.414
160.473 0.899 64.799 0.661 50.345 0.199 1043.443
159.838 0.942 62.561 0.713 50.104 0.178 964.197
159.627 1.001 60.254 0.720 49.876 0.179 895.493
158.934 1.022 57.819 0.705 49.801 0.168 834.214
158.080 0.970 55.667 0.759 49.825 0.171 787.768
157.638 1.170 53.414 0.758 49.850 0.174 745.440
156.987 1.139 51.076 0.762 50.018 0.181 707.151
156.221 1.040 49.013 0.778 50.227 0.186 677.397
155.429 1.159 46.683 0.812 50.546 0.196 647.639
154.573 1.287 44.426 0.776 50.932 0.223 622.130
153.646 1.246 42.355 0.830 51.376 0.246 601.234
152.824 1.334 40.178 0.780 51.915 0.259 581.509
151.712 1.321 38.212 0.754 52.507 0.254 565.462
150.635 1.336 36.084 0.727 53.203 0.263 549.772
149.587 1.345 34.226 0.792 53.895 0.247 537.359
148.432 1.525 32.356 0.828 54.707 0.277 525.964
146.920 1.479 30.440 0.767 55.596 0.301 515.335
145.522 1.566 28.746 0.749 56.464 0.296 506.751
144.108 1.605 27.123 0.676 57.439 0.315 499.197
142.488 1.670 25.439 0.753 58.450 0.307 492.005
140.647 1.704 23.982 0.618 59.476 0.337 486.280
138.524 1.607 22.516 0.623 60.699 0.374 480.962
136.778 1.732 21.273 0.643 61.805 0.347 476.788
134.396 1.854 19.823 0.499 63.071 0.397 472.287
---
161.714 0.777 81.197 0.470 55.537 0.267 2903.219
161.508 0.959 79.428 0.557 54.785 0.272 2421.726
161.161 0.843 77.594 0.541 54.049 0.266 2068.135
160.626 0.830 75.562 0.588 53.350 0.248 1781.992
160.327 0.850 73.622 0.611 52.712 0.242 1575.679
159.689 0.857 71.474 0.670 52.162 0.263 1398.308
159.102 0.877 69.431 0.659 51.724 0.224 1264.579
158.728 0.962 67.229 0.650 51.284 0.206 1147.907
158.134 1.005 65.159 0.640 51.001 0.212 1057.620
157.458 0.997 62.788 0.739 50.708 0.200 971.617
156.890 0.854 60.718 0.705 50.564 0.192 908.375
156.374 1.020 58.428 0.710 50.439 0.211 848.594
155.680 1.008 56.152 0.730 50.428 0.211 797.688
155.181 1.075 53.942 0.789 50.464 0.203 754.835
154.182 1.122 51.691 0.801 50.665 0.206 716.731
153.497 1.220 49.541 0.749 50.859 0.199 684.688
152.404 1.166 47.366 0.848 51.195 0.216 655.979
151.813 1.330 45.188 0.677 51.521 0.231 630.410
150.643 1.117 42.987 0.709 52.030 0.224 607.374
149.687 1.222 40.908 0.794 52.514 0.240 587.887
148.834 1.296 39.009 0.783 53.067 0.272 571.778
147.150 1.183 37.119 0.740 53.835 0.263 557.200
146.296 1.253 35.189 0.758 54.498 0.262 543.648
145.022 1.398 33.285 0.785 55.288 0.320 531.493
143.744 1.574 31.418 0.771 56.129 0.308 520.632
142.595 1.562 29.822 0.790 56.981 0.292 512.119
140.522 1.665 28.140 0.675 58.053 0.343 503.855
138.832 1.379 26.711 0.668 59.011 0.329 497.378
137.388 1.804 25.135 0.694 60.106 0.332 490.772
134.954 1.883 23.870 0.728 61.214 0.410 485.856
133.470 1.541 22.410 0.637 62.270 0.379 480.594
130.890 1.871 21.135 0.565 63.534 0.394 476.343
---
159.882 0.783 81.412 0.485 56.251 0.297 2975.313
159.318 0.704 79.469 0.563 55.380 0.283 2431.006
159.083 0.760 77.667 0.567 54.686 0.268 2080.131
158.604 0.836 75.813 0.602 54.009 0.296 1812.813
158.136 0.840 73.794 0.599 53.368 0.252 1591.914
157.538 0.804 71.711 0.625 52.850 0.260 1415.807
157.021 0.835 69.713 0.643 52.377 0.262 1281.455
156.378 0.922 67.553 0.609 51.961 0.231 1163.601
155.732 0.913 65.451 0.647 51.678 0.212 1069.405
155.304 0.966 63.327 0.628 51.402 0.209 989.760
154.667 0.864 61.026 0.689 51.234 0.197 917.204
153.850 0.957 58.913 0.747 51.168 0.217 860.482
153.129 0.975 56.745 0.735 51.168 0.222 810.234
152.516 1.080 54.590 0.685 51.205 0.226 766.805
151.590 1.089 52.475 0.729 51.349 0.223 729.429
150.679 1.047 50.104 0.754 51.607 0.226 692.711
149.836 1.184 47.924 0.748 51.886 0.235 663.025
148.954 1.085 46.004 0.720 52.226 0.246 639.641
148.013 1.216 43.911 0.738 52.706 0.264 616.727
146.865 1.310 41.929 0.708 53.167 0.272 597.200
145.873 1.077 39.964 0.783 53.803 0.279 579.686
144.722 1.276 37.947 0.689 54.418 0.261 563.419
143.149 1.344 36.106 0.700 55.194 0.344 549.923
141.923 1.310 34.256 0.809 55.983 0.298 537.549
140.312 1.317 32.615 0.778 56.788 0.318 527.480
138.711 1.464 30.956 0.677 57.791 0.335 518.097
137.592 1.257 29.444 0.711 58.606 0.324 510.201
135.861 1.480 27.882 0.667 59.630 0.365 502.652
133.861 1.525 26.291 0.609 60.720 0.387 495.561
132.032 1.481 25.013 0.702 61.791 0.383 490.284
130.402 1.834 23.777 0.545 62.829 0.427 485.509
128.207 1.398 22.496 0.762 63.922 0.310 480.893
---
158.052 0.696 81.575 0.489 56.986 0.326 3032.503
157.525 0.774 79.666 0.525 56.128 0.323 2476.750
157.095 0.775 77.799 0.569 55.385 0.286 2102.214
156.520 0.744 75.893 0.587 54.705 0.279 1822.915
155.890 0.814 74.009 0.578 54.147 0.264 1612.757
155.599 0.819 72.012 0.626 53.581 0.263 1438.701
154.908 0.897 69.892 0.640 53.106 0.271 1292.350
154.236 0.839 67.834 0.659 52.745 0.237 1177.621
153.556 0.773 65.741 0.675 52.388 0.240 1081.373
152.957 0.879 63.702 0.698 52.201 0.234 1002.840
152.292 0.963 61.598 0.656 52.001 0.227 934.070
151.470 0.891 59.450 0.706 51.969 0.240 874.120
150.792 1.143 57.217 0.665 51.907 0.243 820.565
149.831 1.158 55.194 0.726 52.001 0.249 778.391
149.276 0.981 53.000 0.720 52.104 0.243 738.270
148.294 1.026 50.850 0.719 52.341 0.245 703.725
147.310 1.039 48.838 0.778 52.647 0.233 675.027
146.350 1.179 46.722 0.815 53.042 0.248 648.100
145.509 1.092 44.690 0.713 53.404 0.267 624.966
144.255 1.012 42.855 0.708 53.931 0.272 606.080
143.106 1.169 40.788 0.648 54.586 0.309 586.817
141.977 1.083 38.877 0.730 55.179 0.260 570.715
140.448 1.052 37.233 0.731 55.883 0.320 558.038
139.412 1.270 35.439 0.784 56.568 0.287 545.334
137.617 1.159 33.762 0.745 57.464 0.320 534.430
135.983 1.210 32.106 0.630 58.445 0.326 524.514
134.755 1.350 30.459 0.630 59.308 0.357 515.436
132.838 1.197 29.050 0.682 60.278 0.378 508.239
131.018 1.523 27.643 0.610 61.295 0.365 501.550
129.325 1.381 26.461 0.654 62.407 0.319 496.292
126.938 1.497 25.047 0.713 63.648 0.372 490.418
124.958 1.481 23.876 0.648 64.735 0.426 485.881
---
156.153 0.644 81.590 0.503 57.657 0.311 3037.806
155.507 0.714 79.703 0.499 56.874 0.302 2485.683
155.026 0.836 78.062 0.544 56.224 0.317 2147.830
154.644 0.760 76.159 0.566 55.471 0.301 1857.273
153.875 0.860 74.229 0.611 54.943 0.312 1634.686
153.355 0.823 72.369 0.590 54.435 0.287 1466.911
152.879 0.866 70.302 0.597 53.954 0.301 1318.163
152.238 0.854 68.317 0.701 53.550 0.272 1202.515
151.500 0.778 66.158 0.641 53.196 0.243 1099.147
150.814 1.020 64.181 0.689 53.031 0.265 1020.144
150.180 0.891 62.265 0.719 52.841 0.251 954.696
149.410 0.900 60.067 0.613 52.760 0.255 890.400
148.610 1.102 58.046 0.736 52.771 0.257 839.508
147.734 0.860 55.838 0.670 52.822 0.202 791.226
146.737 0.917 53.766 0.719 52.968 0.240 751.678
145.768 1.090 51.625 0.740 53.183 0.272 715.690
144.995 0.922 49.602 0.777 53.409 0.260 685.556
143.816 1.081 47.675 0.698 53.865 0.277 659.846
142.774 1.191 45.607 0.738 54.298 0.281 635.101
141.739 1.070 43.738 0.795 54.780 0.263 614.946
140.373 1.145 41.814 0.724 55.312 0.318 596.127
139.294 0.979 40.039 0.750 55.976 0.313 580.327
138.061 1.153 38.134 0.701 56.651 0.334 564.861
136.448 1.210 36.580 0.677 57.450 0.330 553.282
135.140 1.207 34.896 0.697 58.221 0.325 541.701
133.551 1.095 33.352 0.632 59.088 0.323 531.898
132.289 1.310 31.656 0.733 60.039 0.350 521.961
130.154 1.212 30.096 0.595 61.038 0.356 513.533
128.654 1.298 28.913 0.693 61.989 0.328 507.563
126.600 1.277 27.540 0.601 63.248 0.407 501.077
124.602 1.284 26.348 0.604 64.244 0.394 495.806
122.214 1.417 25.131 0.571 65.415 0.411 490.756
---
154.301 0.742 81.765 0.520 58.596 0.347 3102.051
153.753 0.759 79.902 0.585 57.691 0.318 2534.075
153.148 0.729 78.120 0.560 57.057 0.308 2158.300
152.672 0.725 76.419 0.575 56.423 0.340 1892.040
151.993 0.736 74.542 0.584 55.815 0.311 1666.953
151.437 0.838 72.652 0.606 55.297 0.272 1490.106
150.840 0.836 70.715 0.618 54.836 0.284 1345.250
150.091 0.880 68.580 0.594 54.456 0.278 1216.599
149.408 0.806 66.610 0.603 54.154 0.274 1119.173
148.853 0.783 64.660 0.663 53.913 0.283 1038.107
147.922 0.832 62.623 0.711 53.770 0.271 966.195
147.109 0.860 60.606 0.667 53.700 0.277 905.229
146.437 0.976 58.559 0.698 53.636 0.266 851.774
145.519 0.955 56.517 0.654 53.703 0.256 805.352
144.462 0.940 54.422 0.780 53.895 0.280 763.642
143.710 1.063 52.367 0.684 54.081 0.287 727.637
142.522 0.949 50.422 0.636 54.387 0.272 697.343
141.591 1.024 48.564 0.727 54.719 0.291 671.366
140.525 1.009 46.591 0.712 55.140 0.295 646.533
139.428 1.110 44.634 0.778 55.620 0.291 624.360
138.108 0.943 42.783 0.727 56.249 0.272 605.374
136.918 0.999 41.070 0.650 56.810 0.303 589.334
135.675 1.147 39.363 0.676 57.478 0.296 574.669
133.974 1.069 37.619 0.733 58.238 0.343 560.924
132.818 1.168 36.051 0.637 59.029 0.344 549.540
131.367 1.056 34.451 0.666 59.912 0.336 538.799
129.745 1.131 32.964 0.646 60.841 0.381 529.551
128.034 1.378 31.558 0.668 61.838 0.397 521.410
126.271 1.206 30.350 0.656 62.699 0.398 514.859
124.073 1.145 28.928 0.717 63.950 0.339 507.637
122.349 1.103 27.686 0.513 65.044 0.426 501.748
120.280 1.442 26.711 0.540 66.170 0.412 497.378
---
152.602 0.754 81.835 0.531 59.385 0.369 3128.246
151.944 0.578 80.121 0.529 58.629 0.340 2589.741
151.357 0.777 78.365 0.547 57.990 0.295 2203.086
150.785 0.850 76.625 0.568 57.325 0.376 1920.703
150.209 0.771 74.686 0.564 56.680 0.297 1682.233
149.666 0.747 72.897 0.548 56.216 0.268 1510.800
149.015 0.857 70.958 0.665 55.717 0.306 1361.804
148.104 0.883 69.138 0.595 55.432 0.299 1247.633
147.481 0.908 67.094 0.557 55.107 0.289 1141.536
146.655 0.825 65.196 0.641 54.926 0.284 1059.070
146.020 0.810 63.226 0.629 54.713 0.292 986.283
145.088 0.839 61.214 0.625 54.606 0.284 922.664
144.288 0.860 59.257 0.649 54.662 0.284 869.144
143.357 0.965 57.155 0.735 54.701 0.292 819.184
142.577 0.887 55.264 0.640 54.791 0.306 779.759
141.537 0.824 53.187 0.590 55.011 0.260 741.482
140.411 0.863 51.290 0.666 55.331 0.301 710.443
139.382 1.016 49.439 0.704 55.660 0.301 683.272
138.325 0.984 47.533 0.739 56.037 0.278 658.065
137.007 1.088 45.798 0.597 56.619 0.326 637.272
136.195 0.972 43.927 0.696 57.053 0.280 616.887
134.678 1.079 42.063 0.610 57.663 0.319 598.454
133.481 1.046 40.525 0.686 58.412 0.328 584.508
131.944 1.074 38.826 0.644 59.149 0.331 570.307
130.520 1.054 37.216 0.637 59.911 0.370 557.912
129.162 0.994 35.641 0.662 60.787 0.351 546.706
127.528 1.158 34.217 0.722 61.652 0.378 537.302
125.659 1.034 32.901 0.636 62.641 0.365 529.177
124.047 1.309 31.565 0.636 63.672 0.378 521.448
122.472 1.199 30.249 0.614 64.665 0.440 514.328
120.364 1.175 29.111 0.564 65.803 0.378 508.542
118.096 1.066 27.900 0.609 67.005 0.412 502.734
---
150.988 0.728 82.115 0.491 60.335 0.367 3238.589
150.255 0.565 80.197 0.490 59.552 0.342 2609.430
149.706 0.676 78.704 0.496 58.933 0.308 2268.277
149.071 0.751 76.909 0.532 58.278 0.336 1961.596
148.414 0.751 74.955 0.499 57.670 0.313 1711.591
147.733 0.806 73.146 0.504 57.233 0.310 1532.433
147.054 0.832 71.370 0.568 56.809 0.333 1390.834
146.127 0.891 69.524 0.584 56.465 0.321 1270.115
145.531 0.817 67.513 0.502 56.140 0.275 1161.642
144.853 0.877 65.678 0.617 55.866 0.301 1078.763
144.022 0.844 63.662 0.571 55.742 0.307 1001.421
143.091 0.796 61.728 0.654 55.674 0.314 938.027
142.357 0.753 59.685 0.667 55.583 0.296 880.228
141.335 0.847 57.895 0.668 55.726 0.299 835.984
140.430 0.905 55.998 0.704 55.812 0.263 794.495
139.512 0.829 54.073 0.680 56.058 0.286 757.210
138.554 0.944 52.109 0.680 56.270 0.323 723.421
137.306 0.809 50.246 0.709 56.683 0.325 694.771
136.415 0.894 48.478 0.712 56.993 0.331 670.231
134.988 1.025 46.599 0.710 57.594 0.298 646.628
133.888 1.043 44.988 0.733 58.040 0.326 628.206
132.545 0.919 43.118 0.655 58.683 0.356 608.676
131.287 1.012 41.526 0.653 59.374 0.330 593.466
129.989 0.886 39.985 0.642 60.062 0.325 579.868
128.399 1.098 38.399 0.759 60.904 0.354 566.922
127.033 0.882 36.995 0.608 61.709 0.378 556.287
125.473 0.870 35.590 0.734 62.570 0.393 546.360
123.958 1.115 34.282 0.587 63.517 0.372 537.713
122.126 0.890 32.740 0.749 64.539 0.300 528.215
120.333 1.238 31.728 0.671 65.517 0.422 522.368
118.515 1.145 30.497 0.669 66.739 0.438 515.633
117.145 1.259 29.351 0.760 67.686 0.383 509.730
---
149.054 0.722 82.099 0.438 61.350 0.341 3232.095
148.519 0.629 80.364 0.501 60.518 0.358 2654.318
148.043 0.740 78.727 0.488 59.890 0.349 2272.857
147.326 0.694 76.986 0.585 59.267 0.359 1973.014
146.642 0.832 75.292 0.544 58.704 0.368 1749.898
145.872 0.722 73.597 0.485 58.319 0.323 1573.393
145.403 0.609 71.711 0.537 57.835 0.298 1415.827
144.516 0.753 69.889 0.586 57.459 0.325 1292.197
143.691 0.809 68.125 0.596 57.234 0.341 1192.465
143.084 0.810 66.173 0.556 56.981 0.332 1099.820
142.205 0.869 64.312 0.589 56.853 0.339 1024.976
141.158 0.703 62.369 0.566 56.771 0.331 958.013
140.512 0.907 60.447 0.612 56.664 0.328 900.794
139.506 0.883 58.546 0.684 56.730 0.329 851.441
138.652 0.797 56.711 0.634 56.880 0.304 809.483
137.494 0.858 54.932 0.704 57.121 0.308 773.301
136.401 0.904 52.999 0.724 57.376 0.342 738.254
135.448 1.014 51.134 0.577 57.698 0.347 708.053
134.179 1.002 49.461 0.760 58.109 0.337 683.577
133.145 0.835 47.544 0.673 58.598 0.320 658.194
131.963 0.979 46.049 0.635 59.106 0.330 640.162
130.778 0.886 44.221 0.773 59.723 0.318 619.961
129.560 0.882 42.625 0.684 60.320 0.321 603.835
128.131 0.905 41.264 0.588 61.100 0.338 591.080
126.749 1.000 39.691 0.685 61.773 0.309 577.386
125.134 1.172 38.154 0.616 62.683 0.403 565.017
123.696 1.061 36.671 0.684 63.603 0.379 553.936
122.133 1.018 35.383 0.621 64.438 0.427 544.951
120.463 1.009 34.089 0.638 65.427 0.363 536.484
118.624 1.097 33.019 0.635 66.520 0.412 529.881
117.172 1.107 31.644 0.587 67.515 0.416 521.892
115.397 1.058 30.492 0.683 68.617 0.439 515.608
