phi std_phi theta std_theta rho std_rho effective thickness
---
-66.112 1.002 30.183 0.599 68.949 0.388 513.982
-64.135 1.081 31.024 0.603 67.828 0.389 518.464
-62.470 1.102 32.340 0.732 66.677 0.372 525.871
-60.776 1.038 33.527 0.590 65.668 0.414 532.972
-58.819 1.051 34.755 0.614 64.557 0.321 540.779
-57.290 0.945 35.955 0.659 63.718 0.399 548.874
-55.781 1.076 37.379 0.561 62.864 0.421 559.123
-54.272 1.087 38.830 0.684 61.966 0.372 570.342
-52.831 1.005 40.341 0.642 61.115 0.376 582.918
-51.418 1.030 41.946 0.691 60.352 0.393 597.355
-50.088 0.807 43.606 0.684 59.681 0.316 613.592
-48.934 1.010 45.205 0.750 59.099 0.314 630.598
-47.923 1.038 46.938 0.610 58.597 0.342 650.710
-46.629 0.941 48.552 0.677 58.021 0.362 671.206
-45.114 0.956 50.343 0.732 57.568 0.314 696.180
-44.361 0.903 52.294 0.660 57.236 0.360 726.443
-43.211 0.889 54.049 0.675 56.886 0.319 756.772
-42.098 0.748 55.939 0.682 56.699 0.277 793.287
-41.181 0.800 57.743 0.670 56.577 0.305 832.465
-39.990 0.829 59.720 0.520 56.367 0.328 881.152
-39.235 0.772 61.514 0.679 56.366 0.299 931.565
-38.496 0.875 63.494 0.616 56.481 0.336 995.548
-37.694 0.833 65.294 0.590 56.616 0.316 1063.017
-36.811 0.798 67.176 0.637 56.771 0.292 1145.371
-35.967 0.757 69.051 0.539 56.957 0.326 1242.645
-35.346 0.770 70.815 0.576 57.367 0.317 1352.027
-34.513 0.726 72.768 0.536 57.718 0.326 1499.772
-33.775 0.731 74.511 0.530 58.190 0.335 1663.748
-33.140 0.738 76.388 0.528 58.766 0.331 1887.823
-32.497 0.638 78.126 0.526 59.346 0.341 2159.319
-31.879 0.694 79.941 0.446 60.045 0.336 2543.847
-31.237 0.793 81.529 0.475 60.704 0.366 3015.946
---
-64.695 0.954 28.812 0.538 68.099 0.439 507.071
-62.603 1.059 29.839 0.631 66.942 0.383 512.205
-60.768 1.087 31.186 0.639 65.783 0.432 519.349
-58.987 1.350 32.256 0.640 64.668 0.385 525.382
-57.296 0.956 33.348 0.569 63.729 0.387 531.877
-55.709 1.207 34.775 0.615 62.748 0.413 540.904
-54.136 1.135 36.180 0.587 61.850 0.424 550.443
-52.511 1.046 37.695 0.670 60.935 0.354 561.500
-50.907 0.951 39.108 0.645 60.129 0.351 572.582
-49.456 1.057 40.889 0.684 59.387 0.375 587.718
-48.274 1.143 42.403 0.721 58.710 0.334 601.686
-47.043 0.904 44.244 0.673 58.052 0.344 620.208
-45.567 0.984 45.588 0.747 57.438 0.321 634.885
-44.506 0.913 47.692 0.709 56.982 0.320 660.070
-43.317 1.023 49.549 0.705 56.513 0.333 684.802
-42.478 0.885 51.278 0.630 56.217 0.321 710.266
-41.316 0.942 53.249 0.728 55.883 0.288 742.556
-40.261 0.945 54.940 0.636 55.636 0.303 773.453
-39.208 0.877 56.885 0.605 55.378 0.301 813.248
-38.303 0.867 58.927 0.745 55.357 0.296 860.838
-37.321 0.907 60.941 0.660 55.302 0.307 914.754
-36.532 0.694 62.814 0.675 55.391 0.318 972.469
-35.674 0.955 64.834 0.575 55.458 0.306 1044.802
-34.950 0.750 66.842 0.587 55.751 0.288 1129.749
-34.259 0.910 68.598 0.572 55.956 0.320 1217.568
-33.388 0.756 70.667 0.609 56.272 0.324 1342.083
-32.852 0.787 72.507 0.567 56.755 0.338 1478.123
-31.963 0.721 74.306 0.570 57.113 0.297 1642.499
-31.358 0.734 76.135 0.554 57.714 0.330 1854.132
-30.761 0.757 77.865 0.550 58.318 0.313 2113.509
-30.105 0.711 79.564 0.455 58.932 0.315 2452.736
-29.639 0.675 81.295 0.476 59.668 0.288 2935.497
---
-63.083 1.369 27.360 0.567 67.304 0.482 500.260
-61.164 1.492 28.383 0.610 66.058 0.453 505.006
-58.864 0.941 29.647 0.616 64.944 0.341 511.225
-57.305 1.242 30.862 0.647 63.920 0.401 517.588
-55.457 1.008 32.283 0.653 62.856 0.367 525.538
-53.737 1.104 33.472 0.682 61.800 0.378 532.637
-52.229 1.066 34.980 0.679 60.924 0.340 542.257
-50.726 1.147 36.428 0.616 60.125 0.356 552.198
-48.891 0.976 38.037 0.743 59.172 0.313 564.106
-47.388 1.075 39.615 0.610 58.348 0.340 576.756
-46.268 1.048 41.340 0.612 57.694 0.339 591.763
-45.019 0.970 43.118 0.746 57.094 0.317 608.673
-43.935 1.064 44.790 0.742 56.583 0.327 626.047
-42.386 0.884 46.718 0.690 55.929 0.309 648.055
-41.310 0.942 48.571 0.614 55.526 0.325 671.467
-40.160 0.891 50.448 0.724 55.090 0.281 697.737
-39.252 0.952 52.403 0.659 54.809 0.283 728.235
-38.373 0.969 54.298 0.683 54.634 0.304 761.358
-37.273 1.040 56.232 0.705 54.431 0.303 799.344
-36.411 0.826 58.379 0.611 54.368 0.256 847.415
-35.537 0.764 60.317 0.628 54.339 0.284 897.201
-34.509 0.912 62.231 0.740 54.310 0.295 953.610
-33.820 0.931 64.337 0.643 54.499 0.275 1025.931
-33.190 0.790 66.400 0.574 54.720 0.282 1109.799
-32.403 0.705 68.243 0.580 54.969 0.285 1198.645
-31.660 0.991 70.136 0.631 55.271 0.321 1307.607
-30.983 0.765 72.107 0.576 55.702 0.316 1446.103
-30.022 0.775 74.143 0.579 56.169 0.303 1626.075
-29.470 0.778 75.777 0.562 56.663 0.281 1808.385
-28.963 0.768 77.801 0.531 57.373 0.315 2102.571
-28.362 0.766 79.492 0.501 57.982 0.321 2436.301
-27.811 0.766 81.094 0.458 58.691 0.333 2869.995
---
-61.064 1.231 25.972 0.588 66.448 0.422 494.212
-59.181 1.370 27.091 0.646 65.346 0.397 499.053
-57.177 1.283 28.314 0.605 64.102 0.435 504.681
-55.079 1.221 29.787 0.727 63.026 0.346 511.936
-53.198 1.381 30.902 0.611 62.006 0.380 517.803
-51.719 1.352 32.306 0.678 60.969 0.393 525.668
-50.035 1.108 33.857 0.668 60.043 0.369 535.024
-48.371 1.118 35.280 0.689 59.152 0.362 544.257
-46.919 1.260 36.858 0.660 58.405 0.347 555.291
-45.382 1.129 38.453 0.679 57.558 0.337 567.350
-44.046 1.001 40.137 0.638 56.811 0.321 581.162
-42.626 0.962 42.154 0.694 56.124 0.309 599.321
-41.719 1.049 43.719 0.803 55.632 0.293 614.743
-40.421 1.114 45.751 0.782 55.086 0.260 636.736
-39.230 0.988 47.727 0.750 54.631 0.277 660.512
-38.115 1.003 49.397 0.710 54.202 0.293 682.679
-37.103 1.031 51.542 0.608 53.897 0.289 714.376
-35.909 0.886 53.705 0.713 53.602 0.270 750.587
-35.135 0.953 55.529 0.730 53.444 0.269 784.996
-34.327 0.968 57.665 0.695 53.358 0.270 830.660
-33.496 0.906 59.794 0.656 53.370 0.266 883.112
-32.563 0.849 61.737 0.656 53.415 0.293 938.286
-31.908 0.984 63.691 0.617 53.492 0.269 1002.448
-31.082 0.900 65.764 0.629 53.751 0.261 1082.359
-30.335 0.799 67.892 0.702 53.984 0.263 1180.557
-29.510 0.823 69.789 0.653 54.287 0.295 1286.070
-28.902 0.772 72.008 0.584 54.770 0.305 1438.431
-28.183 0.802 73.618 0.564 55.164 0.269 1575.344
-27.729 0.745 75.603 0.575 55.774 0.284 1786.920
-27.167 0.791 77.641 0.533 56.439 0.292 2075.850
-26.607 0.743 79.361 0.524 57.158 0.318 2406.461
-26.217 0.720 81.071 0.492 57.851 0.315 2862.415
---
-59.134 1.423 24.827 0.629 65.674 0.387 489.545
-56.943 1.278 25.898 0.595 64.514 0.389 493.899
-54.889 1.373 27.045 0.650 63.375 0.416 498.848
-52.921 1.442 28.235 0.740 62.257 0.342 504.304
-50.935 1.177 29.567 0.582 61.245 0.334 510.818
-48.919 1.283 30.819 0.653 60.267 0.347 517.356
-47.566 1.323 32.486 0.668 59.274 0.361 526.718
-46.098 0.997 33.935 0.698 58.359 0.293 535.511
-44.433 1.191 35.705 0.713 57.535 0.284 547.145
-42.871 1.122 37.427 0.720 56.659 0.306 559.481
-41.750 1.059 39.161 0.776 56.032 0.302 573.017
-40.411 1.194 41.082 0.656 55.355 0.320 589.437
-39.079 1.038 42.877 0.781 54.707 0.312 606.296
-37.849 1.045 44.874 0.682 54.129 0.266 626.953
-36.876 1.206 46.699 0.672 53.696 0.273 647.825
-35.864 0.984 48.699 0.778 53.319 0.265 673.167
-35.017 0.939 50.619 0.715 53.020 0.248 700.258
-33.930 0.960 52.892 0.700 52.752 0.248 736.423
-33.147 0.939 54.816 0.655 52.613 0.235 771.075
-32.046 0.939 56.958 0.735 52.445 0.256 814.851
-31.196 0.904 58.982 0.698 52.402 0.274 862.196
-30.497 0.870 61.273 0.739 52.500 0.249 924.396
-29.712 0.859 63.342 0.626 52.620 0.238 990.271
-28.894 0.869 65.339 0.663 52.825 0.241 1064.844
-28.219 0.781 67.426 0.647 53.095 0.278 1157.389
-27.603 0.790 69.454 0.579 53.448 0.238 1265.951
-26.959 0.848 71.479 0.603 53.849 0.276 1398.716
-26.482 0.842 73.560 0.576 54.393 0.292 1569.899
-25.834 0.820 75.402 0.528 54.954 0.293 1762.904
-25.405 0.767 77.215 0.589 55.545 0.336 2007.687
-24.825 0.776 79.285 0.571 56.343 0.331 2389.663
-24.260 0.640 80.852 0.550 56.998 0.366 2794.718
---
-56.588 1.309 23.272 0.607 65.045 0.342 483.649
-54.598 1.545 24.407 0.611 63.825 0.308 487.904
-52.210 1.335 25.508 0.721 62.662 0.379 492.285
-50.293 1.214 26.907 0.604 61.573 0.412 498.236
-48.336 1.478 28.309 0.708 60.454 0.359 504.655
-46.847 1.554 29.810 0.771 59.540 0.369 512.054
-44.853 1.156 31.412 0.713 58.486 0.333 520.596
-43.259 1.250 32.912 0.690 57.565 0.319 529.242
-41.752 1.321 34.631 0.778 56.721 0.329 539.966
-40.163 1.251 36.315 0.759 55.905 0.322 551.396
-39.017 1.011 38.010 0.796 55.214 0.260 563.898
-37.673 1.077 40.002 0.737 54.483 0.293 580.013
-36.679 1.171 41.824 0.791 53.903 0.257 596.215
-35.630 0.963 43.772 0.753 53.389 0.267 615.295
-34.358 1.127 45.711 0.678 52.905 0.251 636.285
-33.255 1.016 47.947 0.736 52.455 0.270 663.319
-32.404 0.931 49.966 0.768 52.155 0.239 690.720
-31.517 1.042 52.049 0.657 51.909 0.235 722.448
-30.631 0.945 54.273 0.750 51.732 0.240 760.892
-29.855 0.997 56.369 0.708 51.607 0.228 802.215
-28.942 0.960 58.504 0.681 51.601 0.226 850.423
-28.212 0.961 60.662 0.740 51.643 0.211 906.797
-27.571 0.941 62.784 0.671 51.770 0.239 971.475
-26.896 0.981 64.950 0.701 51.998 0.265 1049.343
-26.202 0.826 67.072 0.712 52.278 0.244 1140.458
-25.526 0.945 69.235 0.649 52.646 0.246 1253.214
-24.968 0.876 71.237 0.668 53.056 0.281 1381.289
-24.426 0.861 73.199 0.589 53.575 0.280 1537.125
-23.935 0.807 75.202 0.605 54.163 0.313 1739.583
-23.308 0.724 77.159 0.536 54.747 0.295 1999.118
-22.815 0.778 78.935 0.498 55.418 0.301 2314.897
-22.367 0.779 80.763 0.524 56.207 0.317 2767.939
---
-54.279 1.780 21.803 0.543 64.491 0.401 478.531
-51.683 1.388 23.140 0.707 63.189 0.368 483.172
-49.400 1.399 24.193 0.661 62.105 0.373 487.081
-47.794 1.574 25.839 0.690 60.924 0.334 493.654
-45.402 1.664 27.181 0.619 59.721 0.337 499.455
-43.842 1.442 28.553 0.744 58.810 0.315 505.818
-42.017 1.262 30.131 0.801 57.802 0.293 513.713
-40.412 1.303 31.643 0.671 56.915 0.319 521.886
-39.046 1.281 33.393 0.723 56.039 0.287 532.151
-37.593 1.492 35.201 0.750 55.187 0.277 543.729
-36.411 1.201 37.193 0.682 54.470 0.302 557.743
-34.801 1.303 38.885 0.677 53.745 0.300 570.783
-33.890 1.214 40.852 0.742 53.134 0.274 587.385
-32.809 1.076 42.979 0.748 52.581 0.247 607.297
-31.944 1.203 44.915 0.761 52.129 0.245 627.402
-30.769 1.141 47.033 0.768 51.716 0.216 651.870
-29.905 0.968 49.147 0.763 51.361 0.221 679.235
-29.032 1.147 51.438 0.731 51.116 0.236 712.746
-28.160 0.972 53.650 0.704 50.930 0.228 749.602
-27.410 0.920 55.794 0.735 50.835 0.214 790.339
-26.737 1.000 57.949 0.647 50.838 0.210 837.227
-25.826 1.042 60.230 0.735 50.859 0.224 894.820
-25.362 0.975 62.240 0.729 51.019 0.211 953.892
-24.573 0.974 64.395 0.660 51.198 0.223 1028.066
-23.990 0.958 66.689 0.690 51.495 0.242 1122.750
-23.435 0.901 68.857 0.636 51.876 0.225 1231.787
-22.653 0.842 70.853 0.609 52.245 0.251 1354.601
-22.306 0.902 72.996 0.576 52.803 0.247 1519.328
-21.700 0.865 74.927 0.576 53.338 0.259 1708.481
-21.244 0.932 76.984 0.567 54.050 0.254 1972.730
-20.905 0.789 78.966 0.551 54.818 0.296 2321.431
-20.301 0.699 80.688 0.536 55.509 0.308 2745.831
---
-51.078 1.443 20.647 0.630 63.815 0.381 474.797
-48.418 1.712 21.754 0.704 62.637 0.354 478.369
-46.391 1.649 22.864 0.654 61.533 0.350 482.184
-44.198 1.631 24.354 0.612 60.315 0.344 487.700
-42.263 1.518 25.848 0.739 59.214 0.351 493.692
-40.820 1.500 27.324 0.657 58.210 0.333 500.098
-39.161 1.472 29.137 0.726 57.192 0.344 508.670
-37.171 1.510 30.537 0.718 56.230 0.328 515.849
-35.692 1.353 32.284 0.740 55.400 0.259 525.541
-34.446 1.211 34.120 0.765 54.545 0.293 536.680
-33.478 1.367 36.165 0.772 53.842 0.268 550.336
-32.188 1.173 38.043 0.712 53.092 0.273 564.157
-31.019 1.299 40.002 0.771 52.488 0.241 580.008
-30.120 1.305 42.070 0.807 51.926 0.233 598.525
-28.843 1.219 44.129 0.709 51.383 0.241 619.000
-28.130 1.178 46.377 0.753 51.019 0.244 643.992
-27.160 1.067 48.412 0.805 50.671 0.202 669.361
-26.149 1.035 50.678 0.767 50.370 0.203 701.147
-25.608 1.080 52.986 0.721 50.240 0.210 738.024
-24.898 1.062 55.191 0.726 50.115 0.197 778.330
-24.197 1.008 57.269 0.723 50.095 0.196 821.725
-23.640 0.929 59.620 0.703 50.157 0.190 878.540
-22.949 0.922 61.928 0.660 50.277 0.204 944.143
-22.238 0.980 64.064 0.679 50.471 0.214 1015.857
-21.809 0.948 66.451 0.686 50.839 0.229 1112.038
-21.159 0.889 68.518 0.641 51.149 0.200 1213.243
-20.746 0.776 70.678 0.651 51.632 0.235 1342.816
-20.089 0.884 72.698 0.637 52.120 0.247 1493.924
-19.721 0.754 74.770 0.613 52.720 0.258 1691.361
-19.350 0.805 76.726 0.618 53.377 0.276 1934.990
-18.935 0.842 78.698 0.547 54.115 0.273 2267.113
-18.352 0.819 80.536 0.525 54.812 0.293 2701.997
---
-47.342 1.786 19.225 0.704 63.357 0.381 470.541
-45.062 1.677 20.384 0.615 62.172 0.388 473.981
-43.124 1.848 21.873 0.708 60.976 0.366 478.764
-40.886 1.665 23.232 0.787 59.795 0.348 483.504
-38.864 1.614 24.770 0.654 58.693 0.299 489.320
-37.313 1.736 26.285 0.737 57.646 0.338 495.537
-35.527 1.662 27.747 0.717 56.662 0.347 502.027
-33.998 1.499 29.562 0.765 55.717 0.300 510.794
-32.517 1.526 31.320 0.761 54.751 0.295 520.087
-31.256 1.409 33.105 0.838 53.980 0.274 530.401
-30.040 1.413 35.307 0.734 53.179 0.274 544.442
-28.942 1.305 37.053 0.778 52.488 0.249 556.711
-28.149 1.340 39.039 0.812 51.892 0.240 572.024
-27.004 1.337 41.304 0.800 51.294 0.239 591.437
-25.970 1.174 43.366 0.812 50.785 0.199 611.155
-25.305 1.151 45.723 0.813 50.393 0.206 636.419
-24.361 1.174 47.903 0.757 50.036 0.194 662.754
-23.606 1.283 50.010 0.754 49.771 0.193 691.351
-22.994 1.086 52.375 0.771 49.596 0.169 727.779
-22.400 0.998 54.558 0.784 49.482 0.175 766.193
-21.742 1.130 56.891 0.744 49.465 0.165 813.381
-21.003 0.989 59.243 0.703 49.501 0.167 868.805
-20.402 1.105 61.503 0.728 49.626 0.184 931.233
-19.869 0.942 63.807 0.721 49.873 0.192 1006.595
-19.406 0.913 65.942 0.649 50.149 0.184 1089.870
-19.076 0.984 68.330 0.629 50.588 0.197 1203.216
-18.279 0.849 70.394 0.649 50.969 0.231 1324.089
-17.810 0.985 72.536 0.596 51.482 0.234 1480.456
-17.531 0.865 74.528 0.604 52.079 0.234 1665.541
-17.196 0.784 76.619 0.611 52.771 0.272 1919.883
-16.706 0.856 78.446 0.515 53.437 0.244 2218.210
-16.384 0.805 80.545 0.518 54.327 0.262 2704.719
---
-43.009 2.136 17.872 0.688 62.861 0.385 466.828
-40.904 1.833 19.323 0.557 61.630 0.357 470.823
-38.781 1.663 20.581 0.712 60.511 0.339 474.589
-36.862 1.858 22.052 0.652 59.340 0.349 479.371
-35.040 1.831 23.540 0.676 58.249 0.340 484.632
-33.301 1.960 25.039 0.740 57.152 0.290 490.388
-31.502 1.526 26.874 0.756 56.155 0.325 498.093
-30.513 1.715 28.563 0.724 55.196 0.300 505.869
-28.785 1.700 30.382 0.711 54.246 0.301 515.029
-28.034 1.442 32.291 0.835 53.483 0.271 525.586
-26.612 1.451 34.045 0.823 52.702 0.257 536.207
-25.676 1.337 36.282 0.767 51.962 0.246 551.165
-24.711 1.445 38.454 0.735 51.287 0.231 567.353
-23.810 1.242 40.373 0.807 50.746 0.202 583.188
-23.062 1.294 42.828 0.776 50.233 0.190 605.814
-22.250 1.280 44.915 0.778 49.801 0.194 627.409
-21.611 1.255 47.165 0.820 49.496 0.177 653.485
-20.772 1.202 49.482 0.846 49.191 0.166 683.869
-20.110 1.174 51.841 0.814 49.024 0.154 719.115
-19.497 1.248 54.044 0.794 48.914 0.157 756.694
-18.832 1.080 56.423 0.775 48.876 0.148 803.346
-18.427 1.093 58.917 0.797 48.952 0.159 860.579
-17.891 1.038 61.161 0.733 49.085 0.146 921.130
-17.325 0.996 63.408 0.727 49.285 0.159 992.564
-16.850 0.959 65.794 0.724 49.603 0.186 1083.607
-16.714 0.965 67.937 0.664 49.986 0.188 1182.832
-16.192 0.954 70.163 0.637 50.436 0.199 1309.262
-15.739 1.009 72.265 0.625 50.956 0.207 1458.550
-15.283 0.846 74.392 0.589 51.558 0.197 1651.333
-14.750 0.947 76.342 0.612 52.160 0.220 1881.562
-14.639 0.785 78.432 0.552 52.970 0.269 2215.595
-14.225 0.957 80.342 0.508 53.752 0.271 2648.233
---
-38.674 2.324 16.765 0.714 62.571 0.402 464.023
-36.266 2.443 18.210 0.672 61.278 0.368 467.725
-34.091 2.049 19.565 0.666 60.097 0.371 471.525
-32.197 2.118 20.939 0.674 58.987 0.351 475.715
-30.473 1.822 22.358 0.711 57.874 0.323 480.414
-29.034 1.946 24.145 0.699 56.784 0.338 486.896
-27.551 1.779 25.840 0.748 55.688 0.284 493.657
-26.057 1.732 27.814 0.664 54.734 0.285 502.335
-25.160 1.630 29.537 0.673 53.863 0.258 510.669
-24.088 1.590 31.529 0.764 53.000 0.259 521.251
-22.829 1.584 33.452 0.741 52.215 0.269 532.511
-22.161 1.446 35.549 0.775 51.500 0.250 546.079
-21.377 1.341 37.587 0.744 50.857 0.225 560.685
-20.368 1.423 39.790 0.782 50.297 0.186 578.217
-19.930 1.392 42.098 0.777 49.764 0.210 598.789
-19.011 1.248 44.275 0.747 49.326 0.178 620.536
-18.354 1.210 46.655 0.822 48.990 0.168 647.298
-17.860 1.185 48.954 0.759 48.727 0.144 676.598
-17.294 1.224 51.430 0.760 48.534 0.136 712.630
-16.648 1.179 53.628 0.798 48.421 0.137 749.201
-16.056 1.163 56.146 0.738 48.387 0.129 797.561
-15.707 1.127 58.356 0.764 48.432 0.138 846.869
-15.265 0.983 60.935 0.712 48.596 0.139 914.582
-14.887 1.082 63.147 0.690 48.805 0.157 983.616
-14.505 0.890 65.445 0.711 49.118 0.170 1069.144
-14.251 0.918 67.709 0.694 49.525 0.177 1171.330
-13.788 0.932 69.904 0.685 49.956 0.184 1293.091
-13.399 0.978 72.144 0.610 50.491 0.186 1448.993
-12.978 0.886 74.264 0.648 51.074 0.212 1638.241
-12.600 0.784 76.334 0.606 51.758 0.254 1880.567
-12.468 0.779 78.383 0.566 52.526 0.283 2206.471
-12.180 0.785 80.307 0.572 53.326 0.293 2638.953
---
-33.013 2.701 15.813 0.761 62.276 0.404 461.775
-30.672 2.277 17.209 0.698 60.911 0.379 465.123
-29.135 2.288 18.605 0.650 59.694 0.362 468.799
-27.347 2.088 20.059 0.715 58.590 0.344 472.991
-26.160 1.733 21.784 0.666 57.428 0.306 478.468
-24.372 1.991 23.293 0.616 56.386 0.284 483.728
-22.826 1.758 25.027 0.748 55.339 0.298 490.337
-22.193 1.863 26.816 0.736 54.414 0.291 497.838
-21.007 1.612 28.748 0.768 53.476 0.271 506.760
-20.339 1.548 30.645 0.838 52.655 0.255 516.422
-19.255 1.590 32.811 0.707 51.857 0.254 528.638
-18.484 1.559 34.935 0.786 51.104 0.236 541.959
-17.878 1.402 37.053 0.867 50.460 0.187 556.712
-17.012 1.517 39.280 0.834 49.863 0.191 573.983
-16.125 1.392 41.499 0.777 49.335 0.170 593.221
-15.780 1.267 43.861 0.811 48.933 0.158 616.209
-15.294 1.337 46.124 0.744 48.595 0.146 641.036
-14.781 1.291 48.512 0.762 48.311 0.131 670.679
-14.049 1.164 50.922 0.814 48.096 0.110 704.814
-13.846 1.177 53.366 0.812 47.999 0.106 744.601
-13.313 1.164 55.747 0.738 47.980 0.108 789.380
-12.942 1.074 58.169 0.808 48.038 0.111 842.398
-12.798 0.946 60.556 0.754 48.202 0.114 903.845
-12.341 0.934 62.868 0.720 48.404 0.129 974.254
-11.946 1.081 65.163 0.711 48.701 0.136 1057.755
-11.610 1.024 67.570 0.713 49.094 0.172 1164.427
-11.365 0.913 69.756 0.691 49.547 0.194 1284.052
-11.130 0.842 71.942 0.635 50.073 0.178 1433.319
-10.861 0.905 74.088 0.616 50.707 0.199 1620.549
-10.394 0.860 76.114 0.560 51.326 0.220 1851.323
-10.136 0.886 78.242 0.591 52.098 0.254 2180.373
-9.966 0.780 80.204 0.511 52.934 0.261 2611.289
---
-26.887 2.534 14.834 0.654 61.977 0.375 459.619
-24.697 2.502 16.278 0.585 60.646 0.338 462.855
-23.502 2.205 17.583 0.691 59.533 0.319 466.075
-21.619 2.274 19.365 0.668 58.283 0.317 470.943
-20.443 2.188 20.978 0.690 57.184 0.346 475.839
-19.559 2.030 22.621 0.722 56.097 0.266 481.330
-18.130 1.868 24.492 0.708 55.010 0.292 488.231
-17.324 1.954 26.288 0.654 54.051 0.276 495.551
-16.621 1.961 28.138 0.765 53.195 0.272 503.849
-15.774 1.498 30.238 0.706 52.283 0.266 514.271
-15.121 1.584 32.195 0.794 51.530 0.241 525.029
-14.628 1.517 34.459 0.749 50.806 0.222 538.853
-13.723 1.423 36.386 0.829 50.142 0.190 551.895
-13.327 1.451 38.751 0.826 49.559 0.172 569.706
-12.698 1.416 40.977 0.769 49.044 0.162 588.502
-12.264 1.252 43.377 0.690 48.603 0.132 611.263
-11.967 1.338 45.808 0.851 48.244 0.122 637.391
-11.611 1.298 48.135 0.792 47.976 0.112 665.740
-10.968 1.302 50.602 0.791 47.773 0.100 700.013
-10.947 1.192 53.121 0.748 47.680 0.083 740.335
-10.453 1.189 55.452 0.820 47.648 0.084 783.459
-10.214 0.996 57.847 0.766 47.711 0.081 834.860
-9.875 0.976 60.168 0.774 47.831 0.107 893.151
-9.478 0.980 62.633 0.727 48.064 0.114 966.531
-9.385 0.951 64.922 0.740 48.361 0.137 1048.254
-9.039 1.000 67.347 0.733 48.755 0.143 1153.581
-8.938 0.984 69.596 0.666 49.218 0.167 1274.379
-8.632 0.928 71.800 0.626 49.758 0.187 1422.495
-8.382 0.870 74.050 0.657 50.384 0.199 1616.787
-8.292 0.933 76.096 0.620 51.054 0.211 1848.939
-7.976 0.809 78.175 0.627 51.818 0.254 2168.170
-7.848 0.882 80.066 0.532 52.605 0.234 2575.341
---
-20.107 2.784 14.042 0.681 61.813 0.420 457.986
-17.767 2.984 15.520 0.665 60.439 0.302 461.114
-16.990 2.474 17.073 0.718 59.279 0.341 464.782
-15.769 2.297 18.699 0.714 58.094 0.353 469.059
-14.836 2.152 20.305 0.639 56.966 0.285 473.739
-14.355 2.121 21.968 0.607 55.970 0.278 479.085
-12.945 1.865 23.848 0.744 54.817 0.293 485.773
-12.473 1.906 25.657 0.720 53.908 0.273 492.898
-11.813 1.974 27.725 0.831 52.913 0.250 501.927
-11.545 1.814 29.861 0.786 52.061 0.251 512.316
-10.597 1.639 31.730 0.762 51.287 0.218 522.377
-10.589 1.584 33.867 0.762 50.591 0.212 535.086
-10.191 1.442 36.200 0.847 49.891 0.193 550.586
-9.704 1.530 38.401 0.894 49.309 0.159 566.940
-9.218 1.454 40.765 0.805 48.791 0.155 586.620
-8.924 1.325 43.033 0.840 48.353 0.122 607.826
-8.630 1.216 45.531 0.774 47.989 0.108 634.239
-8.200 1.077 47.862 0.868 47.722 0.091 662.225
-8.213 1.317 50.423 0.803 47.532 0.077 697.356
-7.822 1.257 52.924 0.831 47.418 0.066 736.972
-7.559 1.151 55.062 0.758 47.390 0.060 775.817
-7.325 1.105 57.660 0.742 47.448 0.069 830.565
-7.155 0.999 60.128 0.778 47.594 0.086 892.062
-6.910 0.928 62.538 0.783 47.824 0.096 963.451
-6.677 1.051 64.948 0.734 48.133 0.118 1049.247
-6.614 0.988 67.199 0.686 48.512 0.136 1146.491
-6.352 0.908 69.459 0.694 48.969 0.164 1266.226
-6.156 0.919 71.806 0.692 49.533 0.181 1422.953
-5.863 0.980 73.931 0.673 50.132 0.189 1605.133
-5.770 0.898 76.078 0.579 50.828 0.204 1846.666
-5.702 0.875 78.074 0.654 51.563 0.252 2149.990
-5.530 0.848 80.042 0.576 52.369 0.260 2569.399
---
-12.190 2.853 13.758 0.661 61.617 0.401 457.424
-11.584 2.785 15.047 0.626 60.451 0.370 460.074
-10.327 2.751 16.582 0.597 59.138 0.366 463.580
-9.627 2.660 18.217 0.673 57.933 0.321 467.745
-9.073 2.246 19.887 0.734 56.830 0.327 472.476
-8.583 2.476 21.771 0.647 55.725 0.316 478.424
-7.977 2.189 23.424 0.697 54.713 0.307 484.205
-7.571 1.949 25.315 0.715 53.751 0.277 491.499
-6.886 1.976 27.359 0.743 52.799 0.268 500.258
-7.046 1.708 29.575 0.749 51.887 0.237 510.858
-6.496 1.576 31.460 0.703 51.146 0.196 520.865
-6.336 1.715 33.524 0.767 50.421 0.204 532.956
-6.062 1.596 35.744 0.835 49.751 0.199 547.410
-5.978 1.515 38.109 0.804 49.161 0.165 564.667
-5.631 1.390 40.476 0.784 48.624 0.146 584.083
-5.233 1.331 42.833 0.806 48.187 0.114 605.860
-5.041 1.232 45.219 0.805 47.829 0.095 630.749
-4.954 1.351 47.694 0.844 47.553 0.078 660.085
-4.749 1.203 50.093 0.826 47.365 0.060 692.548
-4.729 1.323 52.634 0.809 47.252 0.048 732.078
-4.423 1.219 55.251 0.743 47.225 0.035 779.503
-4.332 1.176 57.472 0.819 47.282 0.048 826.289
-4.255 1.130 59.896 0.719 47.417 0.064 885.817
-4.002 1.109 62.412 0.757 47.649 0.088 959.377
-4.026 1.021 64.717 0.777 47.950 0.112 1040.313
-3.939 1.015 67.136 0.749 48.343 0.136 1143.515
-3.797 0.978 69.444 0.665 48.809 0.149 1265.396
-3.785 0.955 71.651 0.675 49.346 0.167 1411.320
-3.533 0.901 73.832 0.630 49.955 0.185 1595.564
-3.331 0.851 76.003 0.693 50.663 0.230 1836.928
-3.404 0.916 78.068 0.582 51.418 0.225 2149.011
-3.397 0.885 80.036 0.595 52.242 0.264 2567.874
---
-4.620 2.878 13.275 0.552 61.592 0.328 456.498
-4.288 2.802 14.916 0.697 60.283 0.386 459.794
-3.441 2.740 16.326 0.636 59.100 0.322 462.968
-3.592 2.516 17.994 0.671 57.923 0.322 467.149
-3.179 2.159 19.599 0.656 56.765 0.332 471.624
-2.860 2.319 21.333 0.725 55.724 0.342 476.982
-2.508 2.423 23.274 0.670 54.646 0.283 483.659
-2.683 1.971 25.150 0.778 53.701 0.269 490.833
-2.156 1.866 27.118 0.791 52.758 0.264 499.175
-2.359 1.747 29.149 0.837 51.891 0.244 508.727
-2.305 1.636 31.304 0.762 51.060 0.216 520.002
-2.368 1.554 33.585 0.878 50.312 0.197 533.329
-2.199 1.611 35.624 0.869 49.677 0.193 546.589
-1.884 1.499 38.097 0.792 49.045 0.153 564.569
-1.960 1.463 40.394 0.840 48.554 0.133 583.369
-1.664 1.353 42.693 0.820 48.115 0.108 604.494
-1.779 1.324 45.170 0.809 47.750 0.091 630.210
-1.757 1.136 47.434 0.793 47.489 0.073 656.826
-1.527 1.157 50.103 0.762 47.276 0.044 692.695
-1.615 1.240 52.416 0.805 47.170 0.024 728.452
-1.575 1.143 54.977 0.784 47.140 0.013 774.174
-1.555 1.140 57.380 0.791 47.198 0.033 824.200
-1.473 1.122 59.871 0.783 47.337 0.055 885.138
-1.244 1.035 62.379 0.767 47.572 0.079 958.322
-1.293 1.029 64.782 0.746 47.877 0.104 1042.788
-1.314 0.967 67.002 0.735 48.246 0.124 1137.215
-1.368 0.990 69.476 0.636 48.744 0.139 1267.272
-1.378 0.980 71.685 0.658 49.283 0.165 1413.856
-1.218 0.917 73.919 0.624 49.922 0.175 1603.985
-1.268 0.906 76.008 0.631 50.596 0.214 1837.543
-1.158 0.875 78.088 0.650 51.361 0.240 2152.488
-1.091 0.836 80.122 0.564 52.195 0.245 2589.911
---
4.429 3.482 13.242 0.592 61.652 0.373 456.436
3.428 2.547 14.865 0.670 60.361 0.363 459.684
3.260 2.752 16.404 0.632 59.079 0.323 463.154
3.340 2.612 18.053 0.713 57.883 0.345 467.305
3.110 2.797 19.696 0.630 56.757 0.321 471.910
2.556 1.980 21.524 0.644 55.641 0.294 477.608
2.490 2.021 23.214 0.779 54.682 0.307 483.440
2.549 2.020 25.196 0.638 53.639 0.258 491.017
2.621 1.765 27.198 0.722 52.726 0.241 499.531
2.730 1.688 29.197 0.770 51.880 0.257 508.967
2.131 1.754 31.365 0.770 51.046 0.214 520.338
2.091 1.582 33.364 0.859 50.349 0.211 531.971
1.883 1.582 35.623 0.810 49.688 0.177 546.585
1.813 1.458 37.876 0.764 49.083 0.154 562.873
1.981 1.459 40.470 0.888 48.525 0.136 584.034
1.808 1.346 42.698 0.837 48.114 0.114 604.540
1.715 1.339 45.114 0.835 47.743 0.090 629.586
1.826 1.354 47.676 0.811 47.465 0.072 659.866
1.618 1.200 50.006 0.819 47.277 0.046 691.292
1.574 1.191 52.540 0.806 47.166 0.024 730.499
1.458 1.136 54.978 0.829 47.140 0.013 774.198
1.529 1.126 57.378 0.804 47.194 0.031 824.159
1.425 1.129 59.942 0.708 47.341 0.053 887.050
1.335 0.978 62.234 0.802 47.558 0.075 953.724
1.313 1.032 64.743 0.754 47.872 0.105 1041.308
1.455 0.970 67.180 0.676 48.279 0.122 1145.581
1.266 1.007 69.323 0.694 48.714 0.144 1258.305
1.198 0.946 71.614 0.654 49.266 0.166 1408.594
1.219 0.915 73.856 0.664 49.904 0.195 1597.874
1.129 0.908 75.961 0.573 50.579 0.198 1831.569
1.121 0.840 78.008 0.565 51.330 0.214 2138.326
1.171 0.800 80.115 0.617 52.194 0.263 2588.169
---
12.249 3.277 13.671 0.669 61.626 0.376 457.255
10.813 2.976 14.989 0.619 60.360 0.352 459.949
10.588 2.895 16.620 0.694 59.153 0.356 463.671
9.574 2.433 18.267 0.649 57.941 0.326 467.877
9.088 2.507 19.973 0.723 56.822 0.323 472.733
8.509 1.941 21.600 0.763 55.723 0.315 477.855
7.852 1.839 23.415 0.769 54.741 0.303 484.172
7.626 1.920 25.334 0.706 53.751 0.278 491.577
7.478 1.923 27.275 0.721 52.830 0.283 499.878
6.962 1.789 29.415 0.794 51.904 0.249 510.055
6.417 1.643 31.496 0.831 51.104 0.237 521.067
6.201 1.602 33.528 0.838 50.435 0.207 532.976
6.092 1.625 35.834 0.837 49.737 0.185 548.036
5.849 1.470 38.196 0.834 49.133 0.161 565.339
5.448 1.409 40.350 0.837 48.648 0.143 582.995
5.474 1.300 42.912 0.750 48.185 0.126 606.635
5.274 1.363 45.169 0.873 47.838 0.096 630.195
4.868 1.257 47.695 0.803 47.550 0.075 660.105
4.892 1.272 50.090 0.790 47.365 0.061 692.505
4.691 1.197 52.516 0.814 47.252 0.040 730.103
4.667 1.137 54.969 0.751 47.227 0.036 774.012
4.211 1.089 57.524 0.820 47.278 0.044 827.465
4.323 1.091 59.989 0.780 47.421 0.067 888.298
3.894 1.015 62.479 0.698 47.647 0.084 961.535
4.014 1.001 64.864 0.786 47.970 0.118 1045.993
3.833 0.937 67.107 0.684 48.338 0.125 1142.110
3.686 0.919 69.393 0.669 48.797 0.145 1262.371
3.856 0.936 71.838 0.663 49.398 0.162 1425.361
3.702 0.975 73.997 0.686 50.008 0.201 1611.569
3.481 0.893 75.922 0.619 50.635 0.213 1826.530
3.448 0.939 78.102 0.600 51.428 0.227 2155.103
3.346 0.816 80.078 0.618 52.259 0.269 2578.484
---
20.218 3.121 14.250 0.655 61.688 0.419 458.405
18.330 2.778 15.592 0.658 60.486 0.379 461.275
16.991 2.188 17.048 0.645 59.276 0.339 464.719
16.262 2.311 18.689 0.763 58.054 0.381 469.030
14.845 2.417 20.397 0.841 56.941 0.324 474.020
14.317 1.884 22.098 0.727 55.850 0.304 479.525
13.235 1.816 23.823 0.750 54.860 0.311 485.682
12.979 2.070 25.681 0.719 53.911 0.270 493.000
11.876 1.735 27.629 0.743 52.952 0.259 501.486
11.537 1.630 29.702 0.788 52.104 0.261 511.506
11.132 1.661 31.757 0.785 51.303 0.246 522.528
10.511 1.546 33.909 0.810 50.563 0.209 535.349
10.200 1.501 36.233 0.797 49.891 0.192 550.817
9.616 1.513 38.376 0.801 49.300 0.161 566.740
9.298 1.233 40.750 0.748 48.785 0.150 586.481
8.892 1.460 43.176 0.875 48.343 0.132 609.248
8.770 1.216 45.300 0.778 48.025 0.104 631.655
8.300 1.360 47.881 0.791 47.722 0.091 662.469
7.929 1.182 50.354 0.758 47.521 0.072 696.343
7.690 1.148 52.854 0.782 47.417 0.064 735.782
7.448 1.060 55.207 0.867 47.391 0.062 778.643
7.333 1.101 57.714 0.760 47.453 0.064 831.784
6.987 1.123 60.195 0.778 47.595 0.075 893.862
6.901 1.112 62.591 0.727 47.827 0.098 965.166
6.800 1.006 64.920 0.744 48.139 0.119 1048.171
6.488 0.940 67.191 0.682 48.507 0.128 1146.126
6.333 0.949 69.539 0.657 48.980 0.155 1270.966
6.092 0.947 71.671 0.667 49.491 0.173 1412.816
5.964 0.847 73.910 0.646 50.128 0.201 1603.095
5.945 0.876 76.086 0.619 50.834 0.215 1847.725
5.629 0.932 78.094 0.544 51.567 0.201 2153.522
5.562 0.845 80.173 0.580 52.429 0.259 2603.102
---
26.961 2.538 14.916 0.642 61.934 0.377 459.793
25.151 2.438 16.316 0.593 60.634 0.339 462.944
23.824 2.381 17.693 0.672 59.451 0.327 466.358
22.468 2.346 19.309 0.605 58.352 0.316 470.781
20.284 2.240 20.794 0.773 57.202 0.316 475.256
19.479 1.988 22.722 0.712 56.046 0.313 481.683
18.264 2.042 24.536 0.778 55.036 0.300 488.404
17.200 1.815 26.282 0.710 54.044 0.269 495.524
16.774 1.856 28.095 0.836 53.206 0.261 503.647
15.866 1.842 30.212 0.777 52.294 0.244 514.136
15.136 1.583 32.183 0.778 51.529 0.258 524.961
14.754 1.493 34.405 0.788 50.813 0.214 538.506
13.701 1.616 36.483 0.813 50.135 0.201 552.589
13.163 1.439 38.762 0.775 49.532 0.175 569.792
12.957 1.330 40.947 0.774 49.055 0.159 588.232
12.423 1.187 43.356 0.794 48.609 0.136 611.058
11.836 1.142 45.826 0.858 48.239 0.130 637.592
11.592 1.276 48.056 0.765 47.991 0.114 664.716
11.328 1.253 50.563 0.792 47.795 0.102 699.430
10.916 1.101 53.113 0.754 47.677 0.087 740.209
10.439 1.134 55.558 0.770 47.645 0.085 785.573
10.349 1.060 57.804 0.760 47.719 0.082 833.877
9.886 1.088 60.329 0.720 47.849 0.091 897.555
9.593 1.068 62.737 0.726 48.082 0.105 969.920
9.308 1.072 64.967 0.760 48.369 0.130 1049.991
9.025 0.990 67.497 0.711 48.780 0.145 1160.863
8.801 0.905 69.655 0.678 49.226 0.167 1277.913
8.606 0.936 71.835 0.678 49.769 0.193 1425.188
8.326 0.904 73.971 0.634 50.371 0.211 1609.093
8.067 0.982 76.152 0.588 51.059 0.217 1856.295
7.962 0.820 78.236 0.558 51.831 0.216 2179.232
7.780 0.811 80.166 0.548 52.635 0.244 2601.471
---
33.050 2.529 15.791 0.714 62.193 0.340 461.725
30.833 2.296 16.975 0.718 60.985 0.345 464.539
28.262 1.962 18.482 0.592 59.741 0.334 468.461
27.594 1.871 20.100 0.686 58.603 0.345 473.114
25.637 1.955 21.731 0.730 57.440 0.325 478.289
24.074 1.992 23.290 0.665 56.396 0.351 483.715
23.084 2.060 25.060 0.647 55.354 0.300 490.472
22.193 1.830 26.913 0.734 54.429 0.312 498.267
20.984 1.800 28.815 0.786 53.471 0.282 507.088
19.937 1.728 30.751 0.700 52.590 0.252 516.991
19.290 1.606 32.794 0.777 51.828 0.251 528.539
18.477 1.525 34.864 0.829 51.133 0.208 541.491
17.697 1.399 37.132 0.853 50.451 0.204 557.289
17.007 1.330 39.331 0.798 49.849 0.185 574.402
16.215 1.306 41.492 0.727 49.360 0.178 593.157
15.516 1.205 43.791 0.795 48.912 0.152 615.484
15.229 1.317 46.207 0.792 48.588 0.142 642.004
14.432 1.225 48.564 0.813 48.267 0.128 671.372
14.229 1.265 50.887 0.796 48.113 0.120 704.291
13.921 1.082 53.268 0.740 48.016 0.110 742.890
13.410 1.081 55.655 0.768 47.982 0.109 787.524
13.110 1.137 58.082 0.700 48.040 0.109 840.347
12.327 0.986 60.554 0.773 48.159 0.116 903.787
12.564 3.680 63.030 2.079 48.398 0.147 979.674
11.862 0.980 65.236 0.755 48.698 0.152 1060.672
11.675 0.929 67.567 0.665 49.110 0.157 1164.312
11.201 1.035 69.738 0.654 49.533 0.174 1282.969
10.996 0.918 72.000 0.663 50.077 0.204 1437.808
10.966 0.945 74.024 0.555 50.666 0.200 1614.240
10.552 0.910 76.205 0.585 51.366 0.214 1863.230
10.269 0.848 78.263 0.593 52.124 0.241 2184.232
9.975 0.757 80.254 0.541 52.960 0.254 2624.659
---
38.545 2.056 16.755 0.586 62.541 0.375 463.998
36.416 2.351 18.145 0.607 61.309 0.401 467.550
34.516 1.628 19.408 0.671 60.174 0.344 471.068
32.416 1.858 20.975 0.635 58.998 0.384 475.829
30.918 1.781 22.579 0.672 57.816 0.342 481.183
29.223 1.847 24.252 0.752 56.756 0.332 487.308
27.753 1.549 25.869 0.754 55.726 0.296 493.781
26.270 1.599 27.729 0.752 54.734 0.272 501.944
25.158 1.680 29.584 0.843 53.807 0.297 510.904
24.095 1.635 31.346 0.703 53.030 0.262 520.235
22.986 1.265 33.476 0.797 52.186 0.240 532.658
22.092 1.475 35.642 0.784 51.460 0.240 546.717
21.333 1.454 37.684 0.828 50.867 0.212 561.413
20.708 1.370 39.787 0.828 50.312 0.202 578.196
19.609 1.325 42.098 0.771 49.751 0.188 598.791
18.922 1.246 44.297 0.751 49.335 0.166 620.766
18.242 1.101 46.611 0.811 48.963 0.145 646.778
17.936 1.277 48.947 0.781 48.734 0.141 676.504
17.223 1.042 51.206 0.766 48.518 0.132 709.160
16.744 1.155 53.798 0.812 48.431 0.136 752.251
16.214 1.099 55.988 0.799 48.402 0.126 794.290
15.658 0.935 58.452 0.787 48.442 0.143 849.172
15.184 1.087 60.727 0.767 48.566 0.130 908.629
14.843 1.015 63.163 0.776 48.815 0.153 984.146
14.341 1.080 65.556 0.684 49.113 0.165 1073.708
14.245 0.841 67.757 0.669 49.522 0.167 1173.711
13.691 0.963 70.034 0.686 49.956 0.194 1301.185
13.432 0.885 72.117 0.617 50.479 0.203 1446.908
12.891 0.839 74.276 0.570 51.061 0.207 1639.411
12.783 0.911 76.331 0.588 51.764 0.220 1880.145
12.442 0.864 78.270 0.585 52.490 0.253 2185.410
12.025 0.821 80.349 0.579 53.322 0.274 2650.256
---
43.028 1.972 17.916 0.577 62.879 0.383 466.943
40.727 2.156 19.249 0.621 61.667 0.404 470.609
38.459 1.724 20.551 0.729 60.530 0.390 474.498
37.146 1.908 22.130 0.661 59.399 0.362 479.634
35.091 1.971 23.595 0.664 58.239 0.316 484.833
33.365 1.759 25.081 0.728 57.178 0.342 490.556
31.892 1.558 26.907 0.682 56.121 0.314 498.240
30.467 1.572 28.435 0.704 55.202 0.319 505.253
28.980 1.314 30.325 0.718 54.292 0.305 514.726
27.708 1.513 32.287 0.839 53.446 0.305 525.563
26.550 1.418 34.159 0.803 52.682 0.253 536.928
25.942 1.449 36.255 0.762 51.970 0.251 550.974
24.696 1.360 38.315 0.838 51.345 0.217 566.266
23.822 1.419 40.543 0.756 50.753 0.229 584.669
22.721 1.212 42.635 0.852 50.223 0.198 603.932
22.206 1.160 44.979 0.794 49.809 0.181 628.102
21.489 1.159 47.241 0.826 49.481 0.179 654.422
20.613 1.270 49.428 0.811 49.197 0.169 683.113
20.096 1.068 51.839 0.771 49.017 0.158 719.074
19.428 1.155 54.083 0.748 48.902 0.156 757.405
18.906 1.068 56.428 0.773 48.883 0.146 803.462
18.242 1.069 58.755 0.776 48.921 0.156 856.574
17.788 1.075 60.998 0.780 49.067 0.171 916.383
17.304 0.986 63.529 0.701 49.301 0.174 996.761
16.879 0.952 65.655 0.735 49.585 0.175 1077.785
16.402 0.881 68.002 0.688 49.972 0.184 1186.126
16.052 0.973 70.233 0.703 50.450 0.236 1313.708
15.749 0.867 72.358 0.675 50.959 0.225 1466.019
15.384 0.919 74.334 0.627 51.534 0.240 1645.404
14.917 0.786 76.544 0.559 52.246 0.237 1909.292
14.606 0.886 78.434 0.584 52.941 0.266 2216.046
14.217 0.807 80.273 0.530 53.713 0.292 2629.720
---
47.278 1.798 19.164 0.717 63.431 0.357 470.365
44.976 1.914 20.248 0.573 62.173 0.390 473.565
42.868 1.703 21.708 0.685 60.973 0.352 478.215
40.619 1.577 23.374 0.641 59.710 0.340 484.022
39.103 1.605 24.641 0.622 58.730 0.351 488.813
37.353 1.583 26.334 0.729 57.663 0.346 495.749
35.500 1.758 27.696 0.762 56.682 0.321 501.791
34.135 1.652 29.552 0.727 55.718 0.312 510.741
32.680 1.585 31.291 0.770 54.829 0.310 519.929
31.362 1.515 33.236 0.694 53.971 0.292 531.191
30.112 1.484 35.239 0.764 53.156 0.248 543.987
28.736 1.235 37.096 0.829 52.477 0.258 557.032
27.991 1.335 39.212 0.750 51.856 0.233 573.429
26.807 1.293 41.220 0.832 51.257 0.224 590.684
26.136 1.221 43.499 0.829 50.813 0.213 612.497
25.272 1.199 45.524 0.770 50.377 0.204 634.157
24.328 1.212 47.858 0.779 50.031 0.194 662.170
23.788 1.131 49.992 0.782 49.791 0.196 691.094
22.981 1.122 52.345 0.827 49.576 0.177 727.282
22.241 1.089 54.701 0.742 49.486 0.169 768.901
21.579 1.061 57.055 0.733 49.462 0.175 816.969
21.039 1.047 59.299 0.683 49.519 0.174 870.216
20.430 0.962 61.486 0.741 49.659 0.198 930.719
19.860 0.979 63.770 0.713 49.859 0.190 1005.268
19.363 0.955 65.926 0.628 50.117 0.188 1089.209
18.883 0.906 68.147 0.662 50.524 0.203 1193.608
18.340 0.905 70.413 0.632 50.981 0.224 1325.359
17.939 0.865 72.601 0.672 51.522 0.258 1485.811
17.566 0.850 74.475 0.623 52.090 0.245 1659.903
17.069 0.860 76.643 0.607 52.779 0.258 1923.271
16.644 0.773 78.505 0.551 53.447 0.253 2229.435
16.372 0.885 80.484 0.551 54.287 0.275 2687.381
---
51.384 2.068 20.536 0.668 63.899 0.450 474.452
48.550 1.299 21.678 0.688 62.667 0.302 478.116
46.559 1.577 23.003 0.659 61.476 0.396 482.680
44.412 1.772 24.276 0.725 60.394 0.360 487.398
42.592 1.582 25.758 0.628 59.245 0.363 493.318
40.564 1.431 27.217 0.793 58.195 0.305 499.618
38.945 1.615 28.878 0.673 57.245 0.363 507.393
37.206 1.611 30.565 0.670 56.275 0.348 515.998
35.816 1.349 32.259 0.744 55.405 0.307 525.396
34.599 1.430 34.217 0.801 54.559 0.295 537.297
33.501 1.464 36.072 0.756 53.824 0.279 549.689
32.045 1.354 37.935 0.803 53.093 0.253 563.323
31.054 1.389 39.974 0.729 52.490 0.246 579.773
29.976 1.304 42.014 0.704 51.926 0.250 598.000
29.005 1.296 44.108 0.758 51.437 0.229 618.779
28.156 1.218 46.302 0.763 51.035 0.238 643.119
27.201 1.072 48.557 0.711 50.651 0.193 671.278
26.449 1.133 50.691 0.706 50.420 0.201 701.336
25.529 1.076 52.869 0.792 50.198 0.204 736.031
24.763 1.014 55.201 0.738 50.097 0.194 778.519
24.119 1.000 57.383 0.748 50.082 0.187 824.283
23.538 0.883 59.726 0.683 50.174 0.187 881.312
23.025 0.946 61.947 0.698 50.293 0.199 944.729
22.418 0.941 64.175 0.729 50.527 0.212 1019.905
21.740 0.911 66.397 0.645 50.821 0.214 1109.665
21.243 0.896 68.460 0.652 51.139 0.214 1210.151
20.598 0.844 70.633 0.586 51.583 0.238 1339.809
20.158 0.888 72.669 0.609 52.102 0.232 1491.446
19.633 0.875 74.782 0.547 52.708 0.245 1692.569
19.351 0.823 76.733 0.559 53.381 0.282 1936.100
18.884 0.829 78.639 0.551 54.105 0.283 2255.433
18.265 0.792 80.511 0.540 54.832 0.306 2694.982
---
54.472 1.479 21.824 0.593 64.513 0.383 478.602
51.938 1.701 22.985 0.701 63.259 0.383 482.615
49.692 1.477 24.288 0.609 62.068 0.348 487.445
47.741 1.487 25.699 0.607 60.941 0.338 493.074
45.433 1.402 27.079 0.764 59.773 0.383 499.000
44.129 1.511 28.560 0.580 58.873 0.351 505.854
42.233 1.436 30.110 0.708 57.807 0.345 513.603
40.352 1.427 31.757 0.715 56.873 0.315 522.527
38.965 1.214 33.430 0.773 55.997 0.313 532.377
37.618 1.313 35.210 0.794 55.241 0.315 543.789
36.344 1.321 37.106 0.704 54.441 0.294 557.100
35.093 1.277 39.060 0.730 53.766 0.251 572.196
33.719 1.299 40.943 0.774 53.138 0.263 588.199
32.871 1.332 42.852 0.758 52.632 0.276 606.046
31.708 1.078 44.855 0.688 52.083 0.245 626.753
30.906 1.162 47.036 0.711 51.749 0.255 651.910
29.747 1.132 49.146 0.732 51.366 0.235 679.223
28.977 1.117 51.282 0.675 51.099 0.236 710.319
28.123 1.172 53.570 0.731 50.927 0.218 748.184
27.300 1.023 55.626 0.749 50.800 0.209 786.941
26.557 1.076 57.993 0.626 50.799 0.221 838.269
25.928 1.016 60.089 0.703 50.869 0.200 891.005
25.111 0.952 62.306 0.731 50.957 0.204 955.987
24.526 0.904 64.439 0.695 51.188 0.234 1029.718
23.919 0.798 66.744 0.601 51.479 0.204 1125.269
23.380 0.901 68.820 0.614 51.859 0.234 1229.754
22.855 0.895 70.875 0.603 52.269 0.245 1356.110
22.309 0.880 72.935 0.589 52.799 0.240 1514.013
21.781 0.816 75.015 0.596 53.388 0.235 1718.344
21.265 0.887 77.069 0.537 54.070 0.253 1985.486
20.908 0.734 78.859 0.514 54.768 0.293 2299.382
20.556 0.828 80.614 0.543 55.535 0.297 2724.316
---
56.571 1.442 23.150 0.752 65.055 0.377 483.208
54.659 1.562 24.423 0.643 63.996 0.383 487.966
52.221 1.356 25.714 0.555 62.681 0.439 493.135
50.324 1.411 26.881 0.680 61.555 0.360 498.121
48.499 1.426 28.312 0.802 60.511 0.384 504.672
46.720 1.404 29.711 0.603 59.498 0.373 511.551
45.237 1.500 31.326 0.583 58.598 0.407 520.120
43.571 1.200 32.848 0.783 57.607 0.322 528.858
42.109 1.150 34.639 0.796 56.775 0.294 540.018
40.857 1.277 36.329 0.682 55.990 0.307 551.497
39.144 1.167 38.172 0.643 55.193 0.305 565.155
37.967 1.384 40.006 0.730 54.538 0.310 580.044
36.594 1.146 41.732 0.762 53.873 0.286 595.360
35.553 1.125 43.763 0.729 53.342 0.268 615.193
34.320 1.140 45.884 0.750 52.874 0.271 638.259
33.430 1.027 47.796 0.734 52.467 0.240 661.383
32.538 1.048 49.919 0.822 52.137 0.241 690.043
31.404 1.099 52.134 0.812 51.892 0.222 723.832
30.440 1.066 54.117 0.739 51.682 0.239 758.018
29.829 1.128 56.414 0.750 51.614 0.237 803.153
29.022 0.910 58.535 0.710 51.606 0.234 851.179
28.368 0.975 60.754 0.646 51.644 0.218 909.397
27.640 0.933 62.733 0.696 51.794 0.241 969.801
26.858 0.887 64.876 0.602 51.961 0.238 1046.432
26.186 0.828 66.960 0.673 52.249 0.248 1135.225
25.649 0.878 69.006 0.666 52.616 0.256 1240.116
25.092 0.830 71.203 0.634 53.088 0.282 1378.904
24.398 0.888 73.045 0.587 53.519 0.292 1523.584
23.778 0.758 75.179 0.612 54.103 0.314 1736.873
23.229 0.865 77.256 0.578 54.820 0.289 2014.168
22.877 0.783 78.998 0.566 55.495 0.327 2328.017
22.297 0.740 80.786 0.518 56.225 0.301 2774.885
---
58.970 1.373 24.473 0.517 65.785 0.373 488.156
57.071 1.459 25.831 0.708 64.559 0.384 493.621
54.722 1.493 27.054 0.662 63.452 0.371 498.891
52.645 1.382 28.243 0.613 62.276 0.367 504.342
50.716 1.273 29.616 0.722 61.203 0.346 511.068
49.428 1.353 31.031 0.715 60.260 0.380 518.505
47.730 1.289 32.472 0.727 59.288 0.322 526.641
45.937 1.077 34.062 0.697 58.337 0.353 536.315
44.349 1.242 35.716 0.702 57.496 0.343 547.219
42.993 1.042 37.415 0.694 56.695 0.292 559.395
41.691 1.051 39.121 0.776 55.970 0.303 572.689
40.332 0.999 40.910 0.710 55.299 0.311 587.899
39.174 1.186 42.798 0.683 54.686 0.302 605.516
38.111 1.003 44.662 0.717 54.207 0.278 624.662
36.648 1.024 46.713 0.650 53.650 0.259 647.996
35.953 1.105 48.663 0.690 53.349 0.302 672.685
35.019 0.905 50.723 0.703 53.041 0.276 701.812
33.908 0.992 52.897 0.698 52.729 0.253 736.516
32.921 0.964 54.982 0.731 52.534 0.277 774.262
32.165 0.856 56.976 0.818 52.488 0.246 815.240
31.268 1.025 59.025 0.609 52.413 0.245 863.275
30.435 0.848 61.202 0.647 52.468 0.241 922.307
29.798 0.836 63.429 0.673 52.652 0.256 993.289
28.905 0.784 65.291 0.627 52.777 0.258 1062.913
28.300 0.828 67.365 0.650 53.060 0.240 1154.452
27.662 0.784 69.520 0.585 53.431 0.274 1269.856
27.082 0.809 71.422 0.587 53.851 0.270 1394.550
26.347 0.778 73.548 0.597 54.385 0.294 1568.834
25.803 0.828 75.449 0.582 54.933 0.302 1768.369
25.287 0.731 77.305 0.555 55.556 0.317 2021.788
24.816 0.823 79.201 0.542 56.317 0.325 2371.327
24.228 0.742 80.851 0.515 56.997 0.297 2794.333
---
60.936 1.318 26.090 0.578 66.395 0.458 494.709
58.656 1.568 27.127 0.505 65.239 0.490 499.216
57.293 1.167 28.184 0.746 64.164 0.338 504.062
54.970 1.145 29.469 0.727 63.002 0.441 510.326
53.433 1.297 30.982 0.677 61.975 0.422 518.238
51.524 1.146 32.237 0.640 61.017 0.361 525.274
49.885 1.212 33.700 0.666 60.075 0.377 534.042
48.200 1.083 35.249 0.615 59.137 0.362 544.053
46.842 1.287 36.920 0.666 58.319 0.362 555.742
45.561 1.244 38.526 0.705 57.548 0.344 567.922
44.133 1.244 40.135 0.796 56.843 0.354 581.143
42.775 1.058 41.951 0.735 56.204 0.316 597.402
41.480 1.065 43.837 0.665 55.575 0.299 615.959
40.493 1.130 45.792 0.707 55.047 0.330 637.200
39.121 1.034 47.575 0.740 54.577 0.272 658.585
38.247 1.001 49.520 0.704 54.232 0.323 684.393
37.141 0.953 51.544 0.707 53.895 0.289 714.411
36.160 1.018 53.513 0.695 53.633 0.269 747.178
35.227 0.987 55.544 0.663 53.463 0.271 785.294
34.147 0.999 57.571 0.656 53.330 0.265 828.532
33.358 0.914 59.740 0.705 53.337 0.272 881.683
32.564 1.024 61.761 0.650 53.416 0.270 939.028
31.719 0.842 63.769 0.662 53.524 0.261 1005.212
31.105 0.798 65.865 0.637 53.754 0.246 1086.601
30.457 0.897 67.739 0.585 54.013 0.282 1172.846
29.505 0.919 69.944 0.599 54.346 0.293 1295.580
28.961 0.842 71.750 0.534 54.739 0.278 1418.710
28.457 0.789 73.756 0.596 55.288 0.306 1588.355
27.973 0.633 75.549 0.503 55.824 0.290 1780.385
27.130 0.774 77.543 0.564 56.438 0.318 2059.813
26.547 0.727 79.190 0.550 57.030 0.356 2368.927
25.980 0.756 81.126 0.530 57.830 0.331 2880.160
---
63.204 1.217 27.301 0.634 67.321 0.360 499.996
61.108 1.179 28.622 0.607 66.130 0.354 506.153
59.184 1.331 29.834 0.571 64.988 0.417 512.180
57.374 0.939 31.079 0.671 63.975 0.349 518.766
55.313 1.053 32.183 0.712 62.824 0.379 524.957
53.711 1.220 33.626 0.741 61.837 0.363 533.585
52.167 1.152 34.942 0.616 60.938 0.330 542.007
50.607 1.243 36.557 0.605 60.110 0.387 553.116
49.025 1.096 37.967 0.800 59.179 0.326 563.568
47.728 1.008 39.760 0.621 58.438 0.372 577.968
46.276 1.054 41.353 0.719 57.744 0.333 591.881
45.016 0.945 42.970 0.729 57.087 0.338 607.206
43.746 1.019 44.932 0.683 56.518 0.278 627.587
42.343 0.979 46.714 0.754 55.960 0.288 648.004
41.553 0.936 48.442 0.712 55.554 0.320 669.749
40.257 0.812 50.511 0.738 55.140 0.258 698.656
39.272 0.891 52.320 0.715 54.858 0.317 726.863
38.097 1.019 54.239 0.620 54.579 0.335 760.262
36.983 0.821 56.184 0.650 54.369 0.300 798.340
36.378 0.867 58.269 0.668 54.334 0.275 844.778
35.602 0.829 60.279 0.644 54.325 0.289 896.166
34.537 0.857 62.399 0.701 54.338 0.275 958.974
33.766 0.947 64.363 0.577 54.497 0.297 1026.882
33.023 0.882 66.368 0.637 54.683 0.271 1108.348
32.342 0.861 68.200 0.642 54.957 0.315 1196.380
31.619 0.772 70.253 0.621 55.318 0.312 1315.017
30.848 0.798 72.083 0.632 55.684 0.334 1444.201
30.128 0.804 73.972 0.551 56.093 0.293 1609.139
29.673 0.776 75.880 0.545 56.722 0.349 1821.293
28.833 0.757 77.705 0.521 57.243 0.333 2086.522
28.521 0.833 79.508 0.499 58.056 0.319 2439.960
27.844 0.700 81.114 0.498 58.697 0.344 2876.382
---
64.527 1.203 28.828 0.477 68.049 0.507 507.150
62.759 1.141 29.870 0.501 67.039 0.420 512.363
61.029 1.138 30.811 0.689 65.948 0.356 517.312
59.469 1.100 32.110 0.642 64.788 0.408 524.541
57.195 1.009 33.335 0.641 63.732 0.389 531.798
55.665 1.080 34.636 0.641 62.746 0.359 539.996
54.011 1.036 36.067 0.641 61.796 0.299 549.651
52.631 1.084 37.681 0.578 60.952 0.334 561.391
51.166 0.986 39.250 0.619 60.197 0.372 573.737
49.778 0.876 40.826 0.660 59.419 0.332 587.154
48.457 1.115 42.513 0.623 58.749 0.360 602.749
46.983 0.981 44.191 0.703 58.055 0.312 619.647
45.609 1.019 45.909 0.686 57.403 0.326 638.543
44.500 1.079 47.639 0.685 56.959 0.343 659.398
43.517 0.954 49.458 0.604 56.588 0.305 683.538
42.303 0.915 51.373 0.645 56.124 0.331 711.741
41.377 0.981 53.115 0.523 55.820 0.336 740.248
40.228 0.877 55.197 0.553 55.619 0.307 778.450
39.213 0.894 57.014 0.602 55.448 0.319 816.086
38.330 0.845 58.974 0.648 55.355 0.302 862.013
37.314 0.834 61.022 0.641 55.303 0.296 917.091
36.584 0.920 62.867 0.587 55.348 0.308 974.206
35.675 0.892 64.914 0.657 55.503 0.311 1047.940
34.964 0.724 66.820 0.608 55.682 0.279 1128.734
34.104 0.690 68.687 0.594 55.896 0.303 1222.410
33.445 0.741 70.636 0.603 56.366 0.320 1339.986
32.680 0.740 72.572 0.575 56.715 0.309 1483.432
32.119 0.681 74.230 0.602 57.155 0.354 1634.782
31.320 0.723 76.040 0.509 57.650 0.322 1841.757
30.633 0.615 77.899 0.532 58.245 0.352 2119.431
30.046 0.773 79.644 0.510 58.912 0.385 2471.485
29.447 0.745 81.367 0.442 59.650 0.360 2960.044
---
65.913 1.065 30.090 0.596 68.943 0.389 513.497
64.197 0.962 31.018 0.599 67.851 0.395 518.432
62.512 1.211 32.290 0.649 66.721 0.496 525.580
60.591 0.913 33.591 0.638 65.656 0.367 533.365
58.881 1.055 34.679 0.678 64.626 0.373 540.280
57.391 1.003 36.145 0.650 63.720 0.368 550.201
55.721 1.010 37.267 0.753 62.784 0.384 558.288
54.535 0.914 38.871 0.571 62.000 0.383 570.666
52.692 0.924 40.418 0.732 61.104 0.315 583.579
51.563 1.055 41.950 0.656 60.426 0.366 597.399
50.224 0.907 43.527 0.715 59.742 0.306 612.790
48.931 0.908 45.077 0.608 59.094 0.339 629.184
47.621 0.873 46.857 0.664 58.508 0.333 649.733
46.460 0.923 48.709 0.661 58.042 0.316 673.305
45.319 0.937 50.308 0.644 57.517 0.342 695.677
44.322 0.920 52.093 0.663 57.222 0.329 723.158
43.241 0.896 53.951 0.651 56.883 0.318 755.002
41.957 0.836 55.937 0.609 56.656 0.342 793.243
41.189 0.848 57.735 0.682 56.534 0.344 832.278
40.168 0.811 59.671 0.687 56.445 0.296 879.864
39.199 0.835 61.550 0.575 56.398 0.312 932.623
38.449 0.735 63.373 0.616 56.468 0.305 991.346
37.487 0.783 65.480 0.584 56.572 0.320 1070.591
36.675 0.771 67.354 0.636 56.709 0.306 1153.913
36.001 0.860 69.074 0.642 57.005 0.318 1243.948
35.293 0.732 70.931 0.578 57.306 0.297 1359.909
34.446 0.694 72.978 0.546 57.801 0.322 1517.760
33.934 0.767 74.563 0.582 58.250 0.343 1669.196
33.243 0.716 76.385 0.480 58.777 0.287 1887.492
32.600 0.705 78.100 0.511 59.356 0.306 2154.572
31.793 0.740 79.880 0.515 60.006 0.295 2528.541
31.142 0.726 81.444 0.426 60.640 0.325 2986.341
