phi std_phi theta std_theta rho std_rho effective thickness
---
90.557 1.045 137.596 0.602 56.747 0.477 -601.700
88.522 1.098 136.627 0.540 55.765 0.405 -611.228
86.535 1.140 135.582 0.598 54.859 0.446 -622.053
84.389 1.068 134.508 0.590 53.964 0.378 -633.799
82.242 0.992 133.300 0.631 53.071 0.405 -647.834
80.379 1.159 131.879 0.660 52.146 0.400 -665.554
78.398 1.142 130.746 0.619 51.623 0.347 -680.705
76.345 1.101 129.169 0.604 50.883 0.370 -703.437
74.571 1.012 127.689 0.569 50.345 0.336 -726.721
72.507 0.951 126.244 0.634 49.855 0.358 -751.490
70.460 1.134 124.621 0.645 49.456 0.350 -782.019
68.833 0.962 123.016 0.675 49.132 0.368 -815.420
67.095 0.903 121.223 0.650 48.833 0.308 -857.113
65.455 1.002 119.424 0.661 48.619 0.352 -904.404
63.533 0.976 117.863 0.712 48.660 0.350 -950.656
61.907 1.043 115.932 0.670 48.519 0.372 -1015.983
60.355 0.998 114.057 0.708 48.599 0.358 -1089.913
58.978 0.857 112.162 0.639 48.710 0.345 -1177.822
57.361 0.948 110.513 0.571 48.994 0.365 -1267.897
55.909 0.810 108.566 0.638 49.262 0.345 -1395.441
54.650 0.757 106.794 0.688 49.664 0.363 -1537.765
53.168 0.853 105.019 0.611 50.178 0.387 -1714.511
51.852 0.741 103.228 0.709 50.643 0.333 -1941.668
50.432 0.816 101.342 0.637 51.370 0.377 -2259.153
49.417 0.756 99.684 0.712 51.971 0.346 -2641.365
48.275 0.779 98.058 0.692 52.699 0.422 -3169.586
47.091 0.702 96.339 0.634 53.501 0.338 -4024.261
45.887 0.781 94.797 0.579 54.470 0.413 -5313.308
44.956 0.689 93.248 0.602 55.335 0.398 -7842.687
43.781 0.706 91.772 0.618 56.324 0.427 -14370.637
43.079 0.767 90.190 0.543 57.212 0.466 -133951.721
41.993 0.649 89.023 0.592 58.439 0.458 26068.282
---
92.650 1.017 136.575 0.559 55.798 0.396 -611.750
90.503 0.874 135.500 0.594 54.650 0.463 -622.925
88.681 0.892 134.619 0.538 53.788 0.409 -632.557
86.536 1.233 133.400 0.569 52.792 0.369 -646.639
84.210 1.064 132.256 0.610 51.985 0.368 -660.724
82.391 1.127 130.961 0.552 51.213 0.388 -677.754
80.219 0.929 129.501 0.667 50.449 0.403 -698.483
78.309 1.062 128.248 0.611 49.813 0.375 -717.687
76.220 1.067 126.599 0.665 49.155 0.362 -745.206
74.577 1.047 125.244 0.637 48.759 0.351 -769.932
72.373 1.091 123.594 0.672 48.329 0.338 -802.984
70.433 0.869 121.804 0.659 47.948 0.322 -843.041
68.695 0.885 120.122 0.630 47.699 0.340 -885.326
67.030 0.958 118.362 0.679 47.475 0.313 -935.278
65.306 0.998 116.598 0.699 47.404 0.328 -992.338
63.657 0.903 114.852 0.622 47.433 0.320 -1057.154
61.983 0.821 112.921 0.688 47.454 0.315 -1140.811
60.363 0.794 111.004 0.661 47.583 0.322 -1239.545
58.703 0.908 109.133 0.689 47.864 0.337 -1355.560
57.383 0.885 107.421 0.664 48.133 0.341 -1483.975
55.938 0.798 105.498 0.646 48.544 0.332 -1662.782
54.461 0.741 103.658 0.705 49.047 0.322 -1881.633
53.274 0.808 101.779 0.676 49.565 0.353 -2176.402
51.925 0.771 100.093 0.654 50.198 0.334 -2535.207
50.481 0.794 98.248 0.632 50.895 0.354 -3097.035
49.500 0.748 96.724 0.659 51.619 0.394 -3794.808
48.199 0.858 94.961 0.638 52.443 0.386 -5137.464
47.153 0.777 93.442 0.640 53.342 0.349 -7401.002
45.915 0.635 91.777 0.535 54.336 0.378 -14328.218
44.877 0.667 90.328 0.525 55.416 0.415 -77619.335
43.978 0.575 88.869 0.618 56.341 0.397 22511.251
42.722 0.745 87.606 0.438 57.665 0.436 10634.614
---
94.604 1.080 135.486 0.576 54.830 0.431 -623.069
92.454 1.029 134.449 0.560 53.735 0.374 -634.470
90.494 1.163 133.405 0.550 52.734 0.364 -646.578
88.547 1.102 132.425 0.551 51.852 0.371 -658.586
86.506 1.169 131.147 0.572 50.976 0.366 -675.238
84.243 1.111 129.836 0.641 50.175 0.357 -693.574
82.293 0.961 128.615 0.610 49.451 0.346 -711.929
80.370 1.098 127.102 0.688 48.757 0.368 -736.530
78.193 1.124 125.651 0.703 48.224 0.346 -762.302
76.217 1.069 124.026 0.653 47.671 0.332 -793.998
74.141 1.077 122.478 0.735 47.287 0.331 -827.401
72.526 0.989 120.781 0.701 46.862 0.322 -868.193
70.542 0.910 118.896 0.726 46.554 0.307 -919.464
68.803 0.917 117.235 0.661 46.410 0.309 -970.845
66.861 1.004 115.364 0.725 46.332 0.316 -1037.189
65.183 1.056 113.475 0.700 46.304 0.286 -1115.336
63.516 0.999 111.577 0.595 46.392 0.294 -1208.173
61.964 0.907 109.713 0.676 46.519 0.314 -1317.216
60.388 0.851 107.875 0.654 46.764 0.320 -1447.533
58.769 0.844 105.993 0.699 47.055 0.328 -1612.547
57.388 0.886 104.050 0.708 47.439 0.345 -1830.160
55.833 0.850 102.267 0.693 47.998 0.332 -2091.206
54.383 0.789 100.360 0.721 48.558 0.338 -2470.536
53.161 0.779 98.528 0.727 49.189 0.358 -2996.012
51.831 0.767 96.770 0.585 49.855 0.353 -3769.222
50.605 0.782 95.021 0.624 50.623 0.385 -5076.462
49.326 0.803 93.463 0.710 51.496 0.359 -7355.773
48.262 0.660 91.932 0.636 52.381 0.365 -13177.307
47.306 0.625 90.276 0.616 53.329 0.373 -92142.854
45.965 0.787 88.927 0.624 54.382 0.394 23717.462
45.032 0.719 87.469 0.613 55.493 0.408 10060.537
43.889 0.635 85.949 0.623 56.598 0.378 6289.885
---
97.037 1.089 134.426 0.686 53.995 0.422 -634.720
94.965 0.964 133.325 0.563 52.870 0.392 -647.541
92.662 1.090 132.480 0.587 51.957 0.367 -657.902
90.486 1.118 131.165 0.614 50.925 0.398 -674.997
88.415 1.173 130.044 0.646 50.065 0.351 -690.573
86.726 1.123 128.748 0.557 49.227 0.335 -709.870
84.334 0.988 127.348 0.585 48.441 0.333 -732.380
82.301 1.004 125.991 0.637 47.816 0.338 -756.053
80.292 1.118 124.522 0.688 47.231 0.306 -783.990
78.386 1.029 122.826 0.728 46.650 0.316 -819.598
76.320 1.058 121.280 0.637 46.244 0.318 -855.707
74.332 1.054 119.473 0.691 45.855 0.287 -903.033
72.530 0.965 117.598 0.711 45.523 0.290 -959.063
70.579 1.078 115.783 0.700 45.316 0.299 -1021.467
68.824 0.905 113.996 0.688 45.227 0.272 -1092.515
67.274 1.002 112.203 0.761 45.185 0.305 -1175.740
65.345 0.994 110.198 0.692 45.286 0.307 -1286.831
63.473 1.017 108.287 0.723 45.500 0.296 -1415.988
62.060 1.017 106.355 0.673 45.692 0.294 -1577.874
60.437 1.041 104.543 0.721 46.031 0.340 -1769.416
58.849 0.913 102.744 0.734 46.497 0.328 -2014.060
57.262 0.906 100.740 0.741 47.000 0.311 -2384.249
55.940 0.833 99.014 0.726 47.504 0.316 -2835.936
54.458 0.670 97.149 0.726 48.273 0.298 -3570.300
53.196 0.760 95.324 0.656 48.891 0.349 -4788.604
51.707 0.802 93.731 0.654 49.749 0.341 -6827.920
50.558 0.741 91.921 0.705 50.555 0.338 -13255.253
49.389 0.733 90.453 0.613 51.487 0.382 -56220.133
48.245 0.692 88.768 0.675 52.489 0.370 20656.839
47.104 0.761 87.342 0.660 53.502 0.389 9580.194
45.878 0.609 85.960 0.649 54.651 0.352 6306.808
44.946 0.687 84.496 0.613 55.724 0.387 4631.857
---
98.877 1.214 133.250 0.599 53.187 0.410 -648.435
96.591 1.238 132.191 0.531 52.104 0.366 -661.547
94.763 1.006 131.156 0.599 51.056 0.398 -675.116
92.687 1.151 130.034 0.617 50.052 0.357 -690.727
90.314 1.111 128.755 0.602 49.131 0.372 -709.755
88.429 1.123 127.394 0.688 48.280 0.383 -731.600
86.220 0.992 126.131 0.653 47.564 0.348 -753.528
84.486 1.207 124.721 0.581 46.869 0.307 -780.042
82.514 1.115 123.184 0.675 46.246 0.304 -811.770
80.189 1.014 121.516 0.746 45.715 0.316 -849.942
78.334 1.105 119.801 0.755 45.241 0.297 -893.970
76.399 1.066 118.112 0.688 44.832 0.282 -942.924
74.285 1.035 116.352 0.715 44.590 0.271 -1000.938
72.528 1.046 114.630 0.794 44.431 0.288 -1066.098
70.554 1.119 112.668 0.789 44.305 0.305 -1152.864
68.670 0.957 110.794 0.722 44.299 0.265 -1251.508
67.003 1.008 108.868 0.756 44.371 0.281 -1373.899
65.313 1.000 106.861 0.708 44.472 0.291 -1531.785
63.622 0.988 104.896 0.679 44.740 0.276 -1728.360
61.919 0.817 103.057 0.767 45.126 0.278 -1966.580
60.408 0.935 101.169 0.699 45.542 0.302 -2293.614
58.838 0.934 99.220 0.736 46.013 0.296 -2772.822
57.423 0.836 97.382 0.725 46.633 0.301 -3457.929
55.887 0.824 95.544 0.747 47.262 0.289 -4599.199
54.557 0.788 93.751 0.686 48.015 0.338 -6792.098
53.157 0.770 92.142 0.729 48.814 0.333 -11888.218
51.695 0.728 90.392 0.636 49.725 0.356 -64906.514
50.561 0.826 88.797 0.606 50.634 0.384 21158.129
49.388 0.811 87.133 0.609 51.632 0.383 8882.121
48.248 0.780 85.736 0.632 52.684 0.390 5976.201
47.077 0.707 84.302 0.549 53.745 0.402 4475.101
46.048 0.608 82.971 0.680 54.962 0.395 3630.968
---
100.803 1.094 131.859 0.526 52.367 0.375 -665.814
98.735 1.038 130.973 0.696 51.357 0.440 -677.594
96.806 1.039 129.944 0.653 50.328 0.382 -692.016
94.655 1.125 128.688 0.510 49.276 0.339 -710.789
92.734 1.122 127.353 0.654 48.278 0.326 -732.296
90.678 1.019 126.210 0.676 47.502 0.369 -752.091
88.625 1.211 124.732 0.591 46.680 0.299 -779.826
86.481 1.178 123.449 0.607 46.057 0.278 -806.078
84.413 1.074 121.806 0.716 45.396 0.282 -843.007
82.267 1.074 120.176 0.740 44.840 0.293 -883.902
80.348 1.097 118.558 0.647 44.376 0.268 -929.409
78.343 1.208 116.924 0.672 44.034 0.256 -981.213
76.355 1.116 114.897 0.652 43.680 0.256 -1055.376
74.321 1.086 113.105 0.744 43.523 0.268 -1132.225
72.519 1.030 111.140 0.746 43.372 0.262 -1231.930
70.735 1.008 109.300 0.730 43.364 0.248 -1344.249
68.705 1.000 107.301 0.726 43.455 0.247 -1493.998
67.030 1.041 105.373 0.684 43.647 0.255 -1675.919
65.281 0.894 103.438 0.728 43.877 0.235 -1911.903
63.797 0.904 101.337 0.793 44.164 0.253 -2260.207
62.056 0.964 99.486 0.757 44.609 0.279 -2696.026
60.408 0.959 97.564 0.780 45.112 0.284 -3375.143
59.011 0.921 95.669 0.674 45.714 0.291 -4498.056
57.332 0.781 93.804 0.709 46.441 0.287 -6696.901
55.788 0.776 92.205 0.701 47.182 0.290 -11546.203
54.482 0.782 90.393 0.657 47.999 0.324 -64833.541
53.101 0.859 88.768 0.631 48.919 0.364 20670.133
51.845 0.781 87.216 0.673 49.867 0.329 9148.456
50.503 0.761 85.562 0.676 50.880 0.369 5742.002
49.363 0.695 84.090 0.644 51.963 0.374 4314.701
48.220 0.791 82.659 0.628 52.996 0.396 3477.214
46.894 0.641 81.384 0.668 54.258 0.396 2965.845
---
102.803 1.177 130.514 0.616 51.713 0.391 -683.929
101.012 1.028 129.513 0.586 50.610 0.355 -698.308
98.802 1.027 128.554 0.644 49.588 0.364 -712.874
96.443 1.118 127.406 0.611 48.532 0.289 -731.415
94.862 1.096 126.105 0.590 47.601 0.285 -753.979
92.561 1.103 124.717 0.645 46.712 0.296 -780.121
90.573 1.139 123.510 0.692 45.988 0.316 -804.774
88.359 1.072 121.950 0.652 45.236 0.305 -839.605
86.436 1.051 120.397 0.653 44.615 0.261 -878.091
84.514 1.010 118.728 0.762 44.028 0.274 -924.358
82.429 1.125 117.066 0.696 43.576 0.247 -976.442
80.281 1.115 115.149 0.746 43.131 0.253 -1045.466
78.455 1.087 113.318 0.708 42.836 0.227 -1122.449
76.334 1.051 111.500 0.766 42.667 0.236 -1212.267
74.567 1.141 109.631 0.796 42.561 0.244 -1322.468
72.398 1.083 107.643 0.732 42.540 0.230 -1465.890
70.545 1.007 105.747 0.717 42.621 0.234 -1637.126
68.714 0.969 103.716 0.780 42.783 0.233 -1873.806
67.037 0.979 101.788 0.762 43.055 0.251 -2174.771
65.179 0.968 99.637 0.814 43.425 0.253 -2654.116
63.589 0.950 97.772 0.814 43.828 0.262 -3285.578
61.996 1.001 95.878 0.751 44.349 0.283 -4338.584
60.313 0.846 94.111 0.683 44.972 0.286 -6197.927
58.859 0.853 92.121 0.678 45.621 0.278 -12002.895
57.297 0.799 90.448 0.734 46.398 0.296 -56789.465
55.943 0.900 88.709 0.646 47.253 0.358 19723.841
54.533 0.778 86.991 0.699 48.141 0.331 8465.040
53.252 0.818 85.430 0.672 49.126 0.356 5576.815
51.766 0.846 83.832 0.635 50.180 0.345 4134.998
50.620 0.775 82.371 0.706 51.173 0.315 3346.722
49.410 0.840 80.993 0.634 52.412 0.349 2837.835
48.263 0.655 79.676 0.636 53.563 0.375 2479.183
---
104.727 1.003 129.067 0.623 51.103 0.359 -704.980
102.727 1.042 128.191 0.620 49.962 0.351 -718.603
101.018 1.048 127.026 0.683 48.882 0.359 -737.814
98.931 1.254 126.010 0.737 47.959 0.345 -755.714
96.885 1.238 124.623 0.615 46.919 0.298 -781.978
94.701 1.016 123.339 0.684 46.081 0.300 -808.428
92.649 1.004 121.869 0.712 45.226 0.308 -841.500
90.630 1.195 120.494 0.649 44.551 0.268 -875.559
88.474 1.113 118.921 0.694 43.898 0.253 -918.727
86.259 1.157 117.227 0.769 43.316 0.256 -971.115
84.287 1.207 115.508 0.763 42.841 0.237 -1031.740
82.408 1.064 113.650 0.708 42.417 0.208 -1107.566
80.171 1.161 111.759 0.740 42.122 0.209 -1198.549
78.184 1.065 109.950 0.737 41.943 0.199 -1302.145
76.342 1.102 107.983 0.751 41.807 0.199 -1439.069
74.452 1.091 106.134 0.728 41.802 0.204 -1598.846
72.500 1.032 103.922 0.734 41.863 0.220 -1846.655
70.739 1.062 101.939 0.783 42.019 0.202 -2147.772
68.805 1.069 99.960 0.765 42.300 0.222 -2568.810
66.898 0.875 98.005 0.831 42.694 0.227 -3190.523
65.252 0.971 96.031 0.689 43.110 0.246 -4228.495
63.519 0.971 94.158 0.758 43.660 0.248 -6127.693
62.002 0.930 92.243 0.738 44.223 0.280 -11350.089
60.383 0.879 90.466 0.719 44.948 0.278 -54649.056
58.853 0.816 88.531 0.700 45.745 0.293 17330.425
57.441 0.903 86.931 0.688 46.578 0.294 8298.180
55.972 0.759 85.246 0.717 47.421 0.328 5361.001
54.573 0.878 83.741 0.658 48.485 0.367 4075.173
53.235 0.814 82.054 0.700 49.545 0.369 3213.854
51.779 0.844 80.751 0.638 50.666 0.377 2764.416
50.552 0.690 79.341 0.660 51.805 0.387 2402.120
49.429 0.734 77.914 0.594 52.917 0.384 2121.907
---
106.674 1.079 127.560 0.498 50.517 0.340 -728.851
104.696 1.175 126.677 0.638 49.426 0.359 -743.836
102.752 1.125 125.474 0.655 48.318 0.341 -765.591
100.790 1.044 124.354 0.635 47.274 0.306 -787.339
98.884 1.106 123.070 0.682 46.351 0.301 -814.244
96.649 1.025 121.805 0.672 45.478 0.299 -843.032
94.759 1.164 120.280 0.735 44.616 0.285 -881.154
92.710 1.238 118.882 0.682 43.930 0.255 -919.865
90.598 1.082 117.199 0.712 43.225 0.243 -972.051
88.520 1.042 115.608 0.726 42.662 0.227 -1027.959
86.390 1.127 113.773 0.638 42.176 0.192 -1102.156
84.454 1.077 112.044 0.752 41.772 0.210 -1183.779
82.229 1.124 110.194 0.747 41.488 0.178 -1287.087
80.203 1.122 108.203 0.855 41.271 0.194 -1422.262
78.288 1.162 106.337 0.691 41.161 0.179 -1579.553
76.287 1.021 104.402 0.781 41.149 0.178 -1786.336
74.390 0.979 102.242 0.762 41.201 0.179 -2095.324
72.479 1.015 100.174 0.787 41.374 0.188 -2515.366
70.685 1.016 98.138 0.809 41.618 0.201 -3138.726
68.772 1.009 96.296 0.754 41.992 0.209 -4051.198
66.957 0.966 94.171 0.794 42.480 0.219 -6109.169
65.304 0.938 92.369 0.740 42.990 0.228 -10750.236
63.500 0.894 90.537 0.774 43.626 0.254 -47440.185
61.840 0.970 88.618 0.835 44.351 0.269 18426.879
60.317 0.816 86.937 0.716 45.127 0.273 8315.276
58.791 0.833 85.162 0.672 45.946 0.319 5268.521
57.318 0.840 83.396 0.728 46.909 0.320 3863.263
55.755 0.925 81.804 0.657 47.953 0.352 3116.671
54.475 0.826 80.348 0.631 48.921 0.365 2649.853
53.094 0.778 78.952 0.639 50.032 0.364 2318.486
51.759 0.757 77.400 0.661 51.284 0.414 2036.781
50.503 0.690 76.282 0.581 52.434 0.389 1873.610
---
108.689 1.096 126.087 0.635 50.144 0.369 -754.315
106.832 1.080 125.045 0.650 48.962 0.340 -773.741
104.690 1.020 123.965 0.649 47.840 0.331 -795.249
102.790 1.134 122.724 0.638 46.772 0.307 -821.885
100.936 1.051 121.396 0.646 45.828 0.304 -852.858
98.810 1.033 120.111 0.735 44.895 0.296 -885.631
96.778 1.236 118.800 0.702 44.154 0.270 -922.269
94.728 1.043 117.164 0.741 43.369 0.249 -973.182
92.559 1.082 115.563 0.722 42.703 0.233 -1029.642
90.526 1.203 113.848 0.734 42.116 0.222 -1098.908
88.614 1.086 112.116 0.802 41.612 0.214 -1180.147
86.343 1.078 110.409 0.727 41.236 0.176 -1274.064
84.525 1.073 108.388 0.782 40.891 0.176 -1408.427
82.473 1.217 106.385 0.698 40.662 0.148 -1575.040
80.257 1.170 104.443 0.752 40.563 0.156 -1781.408
78.455 1.067 102.329 0.781 40.511 0.154 -2080.719
76.411 1.029 100.443 0.861 40.606 0.157 -2451.149
74.609 1.126 98.351 0.804 40.780 0.171 -3058.969
72.625 0.983 96.353 0.824 41.045 0.178 -4015.187
70.647 1.015 94.555 0.750 41.440 0.190 -5594.937
68.760 0.940 92.355 0.853 41.911 0.207 -10814.494
67.164 0.914 90.382 0.772 42.410 0.216 -66575.655
65.314 0.883 88.566 0.786 43.078 0.228 17748.552
63.593 1.024 86.697 0.671 43.789 0.264 7712.322
62.022 0.976 85.062 0.736 44.570 0.295 5161.808
60.317 0.830 83.274 0.756 45.453 0.309 3793.633
58.835 0.851 81.459 0.705 46.448 0.329 2991.583
57.312 0.903 79.969 0.690 47.445 0.314 2550.881
55.987 0.911 78.481 0.679 48.433 0.364 2224.862
54.335 0.831 77.020 0.698 49.657 0.363 1978.146
53.105 0.754 75.693 0.635 50.844 0.347 1797.955
51.924 0.830 74.433 0.635 51.967 0.382 1655.530
---
110.351 0.959 124.474 0.634 49.692 0.362 -784.937
108.679 1.066 123.403 0.688 48.495 0.351 -807.052
106.842 1.094 122.212 0.649 47.403 0.329 -833.488
104.841 1.003 121.107 0.655 46.386 0.315 -859.990
102.780 1.053 119.663 0.661 45.342 0.263 -897.751
100.736 1.178 118.437 0.742 44.491 0.281 -933.027
98.643 1.138 116.910 0.705 43.625 0.248 -981.677
96.786 1.099 115.457 0.787 42.923 0.240 -1033.643
94.692 1.042 113.805 0.781 42.231 0.220 -1100.775
92.563 1.126 112.114 0.748 41.640 0.200 -1180.238
90.566 1.179 110.421 0.790 41.154 0.184 -1273.352
88.457 1.072 108.537 0.811 40.742 0.166 -1397.551
86.479 1.153 106.504 0.793 40.403 0.145 -1564.000
84.608 1.123 104.529 0.909 40.175 0.143 -1771.090
82.378 1.234 102.586 0.814 40.073 0.126 -2038.977
80.379 1.128 100.486 0.839 40.043 0.127 -2441.310
78.313 1.060 98.421 0.781 40.121 0.127 -3033.773
76.324 1.195 96.628 0.764 40.313 0.157 -3849.427
74.398 1.053 94.558 0.873 40.593 0.160 -5591.177
72.408 1.023 92.371 0.748 40.979 0.180 -10739.611
70.519 0.984 90.417 0.719 41.440 0.195 -61059.738
68.768 1.014 88.445 0.747 41.977 0.210 16373.910
67.109 0.952 86.635 0.756 42.605 0.212 7568.944
65.277 0.854 84.758 0.775 43.342 0.242 4863.443
63.642 0.910 82.980 0.757 44.134 0.260 3635.459
61.861 0.934 81.413 0.708 45.022 0.305 2975.573
60.329 1.021 79.599 0.736 45.990 0.304 2460.950
58.823 0.908 78.094 0.669 46.963 0.319 2153.565
57.313 0.853 76.706 0.715 48.073 0.333 1932.183
55.765 0.858 75.348 0.680 49.206 0.353 1756.500
54.531 0.808 73.861 0.616 50.448 0.358 1598.355
53.089 0.871 72.684 0.574 51.670 0.412 1492.708
---
112.237 1.022 122.833 0.545 49.419 0.326 -819.455
110.577 1.101 121.600 0.684 48.182 0.352 -847.931
108.563 1.086 120.542 0.727 47.065 0.355 -874.326
106.702 1.019 119.403 0.720 46.066 0.306 -904.972
104.736 1.068 118.070 0.731 45.070 0.311 -944.215
103.041 1.056 116.611 0.754 44.136 0.286 -991.908
100.880 1.066 115.242 0.756 43.324 0.244 -1041.888
98.827 1.171 113.616 0.716 42.543 0.216 -1109.079
96.703 1.100 112.014 0.777 41.861 0.215 -1185.330
94.742 1.129 110.221 0.746 41.250 0.175 -1285.411
92.735 1.144 108.499 0.797 40.773 0.162 -1400.297
90.429 1.123 106.496 0.805 40.322 0.139 -1564.676
88.591 1.092 104.702 0.847 40.030 0.131 -1750.607
86.405 1.031 102.627 0.830 39.798 0.113 -2032.429
84.335 1.112 100.526 0.781 39.664 0.103 -2432.173
82.400 1.165 98.610 0.837 39.654 0.106 -2967.892
80.214 1.137 96.500 0.845 39.747 0.109 -3925.047
78.219 1.166 94.423 0.812 39.924 0.125 -5761.653
76.176 1.003 92.463 0.861 40.209 0.137 -10338.046
74.381 1.060 90.434 0.799 40.582 0.159 -58652.241
72.363 1.014 88.341 0.761 41.055 0.173 15348.166
70.520 1.051 86.500 0.785 41.606 0.198 7278.020
68.666 0.916 84.661 0.789 42.271 0.225 4775.338
67.103 0.940 82.820 0.761 42.955 0.250 3554.890
65.192 0.952 81.022 0.783 43.816 0.260 2847.041
63.578 0.975 79.432 0.709 44.699 0.293 2422.541
61.875 0.936 77.900 0.779 45.630 0.307 2119.522
60.255 0.827 76.234 0.764 46.708 0.309 1867.198
58.800 0.877 74.772 0.696 47.753 0.341 1691.495
57.280 0.837 73.439 0.674 48.866 0.339 1558.793
55.881 0.868 72.102 0.691 50.066 0.354 1445.682
54.603 0.754 70.890 0.653 51.322 0.372 1357.123
---
114.098 0.886 121.074 0.610 49.140 0.346 -860.802
112.197 1.007 120.002 0.661 47.937 0.353 -888.557
110.480 0.985 118.839 0.772 46.906 0.331 -921.118
108.529 1.000 117.616 0.715 45.776 0.296 -958.476
106.648 1.012 116.219 0.755 44.787 0.289 -1005.665
104.655 1.141 114.800 0.745 43.859 0.251 -1059.251
102.842 1.036 113.296 0.691 43.031 0.238 -1123.436
100.785 0.973 111.729 0.772 42.257 0.226 -1200.124
98.820 1.016 110.087 0.768 41.579 0.203 -1293.638
96.898 1.200 108.467 0.775 41.015 0.174 -1402.612
94.683 1.122 106.539 0.723 40.472 0.141 -1560.777
92.725 1.052 104.565 0.791 40.037 0.126 -1766.773
90.680 1.053 102.646 0.818 39.721 0.104 -2029.380
88.451 1.275 100.651 0.833 39.499 0.086 -2403.882
86.386 1.191 98.741 0.806 39.391 0.072 -2923.488
84.265 1.006 96.672 0.789 39.372 0.069 -3824.009
82.366 1.033 94.478 0.875 39.447 0.080 -5690.979
80.417 1.086 92.546 0.876 39.613 0.100 -10003.558
78.217 1.092 90.481 0.798 39.906 0.122 -52887.478
76.306 1.067 88.437 0.834 40.283 0.142 16287.245
74.457 1.047 86.519 0.786 40.755 0.167 7318.512
72.433 1.062 84.604 0.805 41.321 0.194 4725.075
70.575 1.024 82.707 0.777 41.962 0.199 3499.821
68.645 1.051 80.819 0.756 42.740 0.247 2784.604
67.097 0.947 79.135 0.715 43.515 0.256 2357.035
65.210 1.097 77.517 0.780 44.405 0.304 2055.571
63.530 0.871 75.900 0.801 45.407 0.309 1823.744
61.868 0.915 74.335 0.675 46.420 0.324 1645.478
60.516 0.829 72.901 0.668 47.452 0.307 1511.105
58.799 0.850 71.577 0.690 48.675 0.344 1405.892
57.295 0.814 70.218 0.700 49.859 0.347 1312.803
55.951 0.728 69.147 0.685 51.018 0.351 1248.144
---
115.810 1.001 119.288 0.654 48.991 0.360 -908.206
113.897 0.877 118.155 0.696 47.719 0.317 -941.583
112.320 0.846 117.085 0.692 46.707 0.322 -975.827
110.393 1.067 115.751 0.635 45.621 0.289 -1022.661
108.522 1.049 114.409 0.687 44.632 0.281 -1075.139
106.786 1.109 112.916 0.732 43.704 0.275 -1141.041
104.824 1.190 111.483 0.741 42.874 0.248 -1213.184
102.702 1.048 109.872 0.747 42.072 0.220 -1307.091
100.785 1.137 108.172 0.801 41.386 0.192 -1424.647
98.768 1.060 106.400 0.765 40.788 0.170 -1573.598
96.838 1.168 104.602 0.776 40.290 0.132 -1762.395
94.727 1.118 102.626 0.757 39.851 0.107 -2032.626
92.568 1.058 100.605 0.831 39.525 0.088 -2414.153
90.498 1.162 98.757 0.812 39.314 0.064 -2918.308
88.570 1.058 96.595 0.792 39.183 0.045 -3868.766
86.367 1.098 94.607 0.860 39.169 0.043 -5531.286
84.505 1.132 92.523 0.843 39.244 0.060 -10093.369
82.351 1.201 90.479 0.771 39.427 0.082 -53186.481
80.396 1.099 88.384 0.824 39.711 0.106 15754.667
78.279 1.104 86.406 0.796 40.092 0.129 7086.867
76.288 1.030 84.453 0.846 40.569 0.159 4596.748
74.452 1.083 82.526 0.775 41.122 0.183 3415.693
72.498 1.035 80.561 0.813 41.794 0.200 2709.132
70.530 1.088 78.796 0.729 42.561 0.237 2286.680
68.798 0.992 77.039 0.721 43.364 0.259 1980.944
67.059 1.039 75.498 0.793 44.224 0.275 1774.240
65.395 0.927 73.906 0.690 45.163 0.290 1602.708
63.711 0.971 72.359 0.697 46.256 0.313 1466.117
61.906 0.947 70.973 0.745 47.350 0.346 1362.857
60.331 0.868 69.614 0.692 48.502 0.352 1275.445
58.898 0.761 68.309 0.676 49.704 0.338 1202.118
57.327 0.985 67.383 0.602 50.869 0.334 1155.316
---
117.212 0.914 117.568 0.666 48.860 0.350 -960.016
115.737 0.963 116.330 0.654 47.720 0.335 -1001.714
113.859 0.923 115.290 0.738 46.598 0.327 -1040.017
112.146 0.936 113.912 0.753 45.550 0.315 -1096.157
110.403 1.006 112.494 0.782 44.541 0.273 -1161.327
108.503 1.015 111.003 0.779 43.609 0.255 -1239.640
106.672 1.030 109.573 0.787 42.767 0.254 -1326.245
104.622 1.076 107.845 0.779 41.973 0.224 -1449.880
102.925 1.181 106.165 0.751 41.317 0.183 -1595.876
100.930 1.072 104.390 0.801 40.704 0.165 -1787.814
98.648 1.166 102.468 0.790 40.167 0.147 -2057.921
96.723 1.074 100.657 0.829 39.760 0.107 -2402.598
94.655 1.102 98.620 0.842 39.438 0.080 -2964.335
92.695 1.180 96.656 0.792 39.219 0.050 -3833.290
90.608 1.145 94.501 0.798 39.091 0.024 -5661.082
88.621 1.051 92.542 0.852 39.072 0.015 -10016.154
86.428 1.123 90.482 0.846 39.154 0.042 -52822.064
84.274 1.095 88.377 0.836 39.344 0.068 15682.800
82.368 1.073 86.387 0.868 39.613 0.095 7049.642
80.451 1.051 84.400 0.901 39.990 0.123 4552.820
78.263 1.116 82.402 0.792 40.473 0.157 3360.463
76.409 1.115 80.392 0.771 41.046 0.175 2662.059
74.265 1.028 78.591 0.773 41.708 0.200 2246.117
72.508 0.999 76.902 0.762 42.429 0.220 1960.521
70.664 0.999 75.182 0.801 43.248 0.255 1737.290
68.836 0.970 73.571 0.707 44.148 0.269 1570.897
67.028 0.921 71.988 0.700 45.124 0.277 1436.846
65.278 0.987 70.432 0.740 46.148 0.297 1326.539
63.635 0.980 69.022 0.702 47.280 0.318 1241.023
61.713 0.833 67.761 0.655 48.444 0.363 1173.936
60.286 0.860 66.434 0.690 49.640 0.347 1111.298
58.984 0.788 65.440 0.692 50.810 0.362 1068.940
---
119.051 0.821 115.780 0.674 48.939 0.354 -1021.566
117.293 0.981 114.648 0.652 47.740 0.333 -1065.361
115.611 0.929 113.251 0.628 46.578 0.310 -1125.479
114.044 1.012 111.980 0.679 45.549 0.321 -1187.060
112.163 1.060 110.723 0.766 44.566 0.288 -1255.622
110.440 1.093 109.181 0.719 43.648 0.249 -1352.322
108.439 1.030 107.620 0.717 42.779 0.231 -1467.778
106.631 0.960 105.868 0.787 41.990 0.204 -1624.956
104.799 1.047 104.167 0.819 41.297 0.188 -1815.365
102.783 1.097 102.339 0.813 40.698 0.162 -2079.094
100.843 1.121 100.559 0.738 40.192 0.140 -2424.633
98.771 0.978 98.652 0.851 39.783 0.108 -2953.388
96.825 1.106 96.649 0.888 39.453 0.082 -3837.130
94.770 1.188 94.566 0.815 39.220 0.054 -5580.761
92.518 1.096 92.686 0.851 39.101 0.027 -9479.669
90.495 1.089 90.468 0.843 39.080 0.020 -54417.490
88.592 1.154 88.397 0.812 39.161 0.042 15887.180
86.425 1.171 86.251 0.871 39.352 0.072 6795.594
84.341 1.090 84.334 0.773 39.622 0.093 4500.352
82.431 1.163 82.399 0.864 39.991 0.131 3359.051
80.310 1.024 80.413 0.840 40.463 0.154 2667.836
78.408 1.124 78.454 0.813 41.040 0.180 2219.779
76.385 0.993 76.632 0.814 41.690 0.198 1921.719
74.440 1.059 74.808 0.765 42.442 0.229 1695.461
72.427 1.046 73.229 0.773 43.261 0.248 1539.746
70.723 0.985 71.604 0.793 44.110 0.259 1407.846
68.755 0.956 69.998 0.757 45.150 0.268 1298.904
66.992 1.014 68.615 0.668 46.179 0.315 1218.464
65.152 0.882 67.200 0.767 47.270 0.317 1146.557
63.678 0.816 65.903 0.663 48.390 0.348 1088.209
61.990 0.936 64.715 0.702 49.612 0.356 1040.202
60.312 0.986 63.511 0.670 50.927 0.380 996.141
---
120.564 0.927 113.818 0.684 48.954 0.338 -1100.205
118.942 0.862 112.745 0.661 47.838 0.334 -1149.159
117.386 0.879 111.490 0.670 46.700 0.313 -1212.799
115.657 0.910 110.137 0.726 45.629 0.307 -1290.564
114.034 0.982 108.607 0.745 44.650 0.282 -1392.427
112.146 1.060 107.146 0.747 43.695 0.261 -1507.089
110.319 1.025 105.552 0.741 42.851 0.238 -1657.109
108.580 1.035 103.970 0.797 42.111 0.226 -1840.427
106.752 0.944 102.073 0.843 41.421 0.183 -2124.162
104.521 1.026 100.384 0.770 40.786 0.164 -2465.062
102.777 1.002 98.416 0.804 40.291 0.145 -3035.832
100.769 1.073 96.540 0.823 39.867 0.113 -3900.727
98.676 1.092 94.477 0.834 39.553 0.092 -5691.414
96.784 1.085 92.434 0.848 39.330 0.072 -10461.712
94.688 1.077 90.442 0.801 39.210 0.049 -57635.293
92.700 1.147 88.498 0.846 39.186 0.050 16952.637
90.438 1.058 86.328 0.903 39.271 0.064 6936.564
88.473 1.117 84.290 0.844 39.452 0.082 4465.710
86.404 1.102 82.260 0.865 39.731 0.110 3299.171
84.409 1.115 80.272 0.782 40.105 0.123 2629.572
82.307 1.111 78.189 0.863 40.613 0.157 2170.716
80.184 1.095 76.401 0.796 41.173 0.180 1889.564
78.217 1.134 74.408 0.753 41.855 0.211 1652.998
76.427 1.103 72.806 0.779 42.546 0.234 1503.044
74.434 1.014 71.238 0.733 43.333 0.247 1381.338
72.528 1.024 69.679 0.784 44.236 0.284 1279.395
70.724 0.977 68.085 0.796 45.214 0.301 1190.408
68.988 1.040 66.721 0.697 46.217 0.305 1124.238
66.967 0.913 65.371 0.698 47.339 0.312 1066.115
65.286 0.952 64.059 0.729 48.515 0.350 1015.671
63.602 0.925 62.781 0.643 49.770 0.327 971.380
61.862 0.880 61.832 0.680 51.000 0.368 941.206
---
122.136 0.866 112.069 0.623 49.174 0.376 -1182.515
120.490 0.856 110.721 0.647 47.982 0.313 -1255.750
118.702 0.888 109.594 0.672 46.817 0.335 -1324.899
117.273 1.040 108.073 0.670 45.781 0.317 -1432.165
115.640 0.936 106.808 0.663 44.825 0.281 -1536.506
114.003 0.838 105.265 0.709 43.939 0.263 -1687.506
112.169 0.947 103.610 0.751 43.067 0.247 -1888.150
110.587 1.046 101.891 0.800 42.313 0.219 -2156.195
108.723 0.956 100.031 0.803 41.647 0.197 -2550.690
106.693 1.120 98.325 0.754 41.017 0.188 -3068.730
104.624 1.054 96.424 0.807 40.497 0.149 -3970.961
102.922 1.040 94.516 0.841 40.096 0.124 -5642.426
100.775 1.117 92.423 0.844 39.768 0.105 -10508.506
98.692 1.047 90.445 0.807 39.537 0.091 -57170.239
96.842 1.146 88.362 0.854 39.428 0.075 15543.419
94.590 1.057 86.310 0.850 39.401 0.076 6902.931
92.520 1.199 84.338 0.842 39.471 0.084 4503.173
90.542 1.164 82.249 0.811 39.660 0.099 3294.118
88.511 1.208 80.244 0.776 39.939 0.112 2622.058
86.421 1.111 78.265 0.857 40.314 0.150 2184.597
84.447 1.129 76.212 0.813 40.803 0.172 1864.231
82.217 1.135 74.390 0.759 41.374 0.185 1651.116
80.442 1.061 72.551 0.742 41.999 0.196 1481.676
78.172 1.168 70.851 0.771 42.762 0.234 1354.466
76.325 1.080 69.243 0.770 43.549 0.260 1253.641
74.314 1.047 67.727 0.695 44.445 0.265 1172.239
72.376 1.121 66.215 0.719 45.430 0.293 1101.665
70.652 1.029 64.824 0.759 46.410 0.321 1044.434
68.825 0.980 63.542 0.718 47.514 0.344 997.212
67.015 1.035 62.204 0.717 48.709 0.367 952.764
65.079 1.053 61.065 0.685 49.916 0.348 918.311
63.504 0.965 60.118 0.674 51.108 0.386 891.783
---
123.448 0.822 110.270 0.754 49.404 0.346 -1282.469
122.009 1.044 108.987 0.698 48.231 0.363 -1365.613
120.522 0.906 107.729 0.750 47.162 0.343 -1459.048
118.965 0.900 106.231 0.694 46.075 0.286 -1589.570
117.222 0.985 104.913 0.736 45.105 0.281 -1726.397
115.739 0.863 103.242 0.747 44.189 0.261 -1939.682
114.003 0.998 101.690 0.719 43.359 0.247 -2192.887
112.214 0.960 99.959 0.749 42.581 0.216 -2569.013
110.484 1.046 98.274 0.801 41.945 0.195 -3087.429
108.570 1.177 96.166 0.779 41.293 0.187 -4136.209
106.815 1.124 94.428 0.743 40.830 0.176 -5754.271
104.815 1.097 92.461 0.828 40.405 0.149 -10346.252
102.752 1.104 90.487 0.843 40.066 0.124 -52321.038
100.839 1.145 88.414 0.813 39.852 0.107 16052.189
98.808 1.148 86.303 0.796 39.739 0.109 6889.707
96.793 1.136 84.258 0.824 39.716 0.107 4440.740
94.769 0.967 82.329 0.832 39.781 0.112 3328.324
92.645 1.092 80.211 0.822 39.971 0.120 2613.245
90.609 1.168 78.163 0.828 40.254 0.142 2165.955
88.579 1.096 76.214 0.874 40.625 0.168 1864.542
86.420 1.017 74.412 0.765 41.076 0.175 1653.392
84.574 1.124 72.482 0.823 41.645 0.207 1476.032
82.295 1.106 70.704 0.812 42.293 0.227 1344.562
79.985 1.053 68.958 0.727 43.059 0.238 1237.404
78.367 1.156 67.250 0.800 43.876 0.268 1148.912
76.170 1.070 65.806 0.691 44.756 0.260 1084.130
74.405 1.123 64.303 0.711 45.672 0.295 1024.664
72.578 0.924 62.939 0.710 46.688 0.299 976.617
70.637 0.967 61.794 0.726 47.732 0.320 940.027
68.833 1.050 60.479 0.648 48.892 0.337 901.699
67.032 0.970 59.400 0.655 50.100 0.355 872.822
65.441 0.947 58.326 0.666 51.310 0.378 846.157
---
124.879 0.834 108.485 0.667 49.741 0.349 -1401.352
123.581 0.875 107.137 0.710 48.622 0.353 -1507.818
121.992 0.805 105.921 0.673 47.495 0.325 -1619.703
120.591 0.862 104.442 0.722 46.459 0.289 -1781.498
119.002 0.938 102.863 0.755 45.475 0.272 -1995.740
117.424 0.925 101.244 0.727 44.566 0.292 -2278.636
115.695 0.974 99.579 0.736 43.712 0.252 -2669.889
113.993 0.929 97.842 0.823 42.971 0.247 -3256.272
112.311 1.100 96.151 0.820 42.319 0.212 -4146.515
110.423 1.068 94.282 0.797 41.709 0.206 -5950.525
108.539 1.035 92.384 0.753 41.196 0.194 -10680.242
106.807 1.038 90.515 0.823 40.833 0.171 -49390.570
104.734 1.078 88.518 0.827 40.472 0.150 17180.949
102.786 0.993 86.345 0.854 40.262 0.135 6969.956
100.787 1.083 84.339 0.788 40.140 0.131 4503.811
98.821 1.140 82.266 0.848 40.123 0.137 3301.488
96.854 1.207 80.217 0.773 40.211 0.128 2614.740
94.729 1.057 78.222 0.837 40.379 0.146 2176.730
92.608 1.127 76.259 0.801 40.645 0.156 1870.456
90.495 1.067 74.295 0.779 41.021 0.172 1641.408
88.546 1.152 72.430 0.849 41.482 0.202 1471.852
86.410 0.940 70.569 0.771 42.042 0.209 1335.568
84.344 1.117 68.820 0.752 42.679 0.233 1229.711
82.393 1.155 67.144 0.748 43.389 0.249 1143.879
80.439 1.110 65.505 0.714 44.206 0.256 1071.606
78.417 1.042 63.870 0.703 45.128 0.295 1008.830
76.136 0.960 62.562 0.689 46.065 0.303 964.228
74.321 1.096 61.218 0.705 47.024 0.335 922.788
72.589 1.010 59.961 0.612 48.121 0.315 887.541
70.487 0.912 58.904 0.665 49.228 0.348 860.245
68.913 0.851 57.568 0.684 50.455 0.385 828.450
67.011 1.036 56.564 0.582 51.659 0.396 806.350
---
126.354 0.806 106.671 0.661 50.201 0.344 -1548.747
124.968 0.803 105.387 0.606 49.013 0.327 -1674.472
123.597 0.877 103.940 0.645 47.964 0.331 -1844.338
121.902 0.834 102.482 0.703 46.856 0.336 -2055.704
120.444 0.890 101.051 0.717 45.886 0.298 -2317.986
119.032 1.016 99.513 0.701 45.044 0.286 -2688.361
117.419 0.999 97.630 0.748 44.181 0.252 -3346.225
115.668 1.011 96.091 0.722 43.465 0.255 -4187.210
114.000 0.987 94.292 0.831 42.798 0.233 -5937.016
112.115 1.043 92.239 0.741 42.169 0.215 -11371.339
110.521 1.046 90.359 0.775 41.715 0.196 -70821.495
108.608 1.078 88.473 0.762 41.288 0.200 16672.340
106.532 1.008 86.485 0.819 40.951 0.164 7247.240
104.659 1.109 84.462 0.756 40.751 0.171 4603.859
102.974 0.996 82.404 0.832 40.656 0.162 3361.301
100.723 1.097 80.396 0.887 40.607 0.168 2663.081
98.843 1.087 78.235 0.899 40.721 0.164 2178.979
96.826 1.155 76.314 0.802 40.880 0.170 1877.851
94.737 1.124 74.331 0.760 41.161 0.180 1645.025
92.697 1.115 72.446 0.828 41.503 0.201 1473.141
90.514 1.101 70.399 0.728 41.999 0.192 1324.395
88.606 1.020 68.699 0.772 42.512 0.225 1223.080
86.554 1.092 66.989 0.854 43.127 0.248 1136.587
84.457 1.015 65.330 0.719 43.858 0.254 1064.489
82.300 1.021 63.778 0.780 44.632 0.284 1005.539
80.218 1.101 62.195 0.696 45.534 0.291 952.489
78.320 1.134 60.850 0.625 46.486 0.266 912.128
76.406 1.151 59.462 0.729 47.492 0.348 874.416
74.445 1.029 58.247 0.684 48.554 0.336 844.268
72.424 0.934 57.109 0.701 49.676 0.339 818.170
70.559 1.060 56.065 0.637 50.798 0.358 795.879
68.782 1.014 54.984 0.633 52.056 0.376 774.301
---
127.570 0.871 104.848 0.681 50.585 0.359 -1733.763
126.265 0.922 103.526 0.643 49.483 0.369 -1899.600
124.848 0.821 102.176 0.697 48.370 0.354 -2106.525
123.491 0.873 100.766 0.727 47.434 0.326 -2378.440
122.107 0.852 99.111 0.703 46.464 0.305 -2805.815
120.407 0.821 97.449 0.760 45.515 0.290 -3427.096
118.933 0.930 95.867 0.736 44.722 0.285 -4346.170
117.288 1.106 94.048 0.698 43.988 0.295 -6293.821
115.668 0.916 92.335 0.820 43.331 0.264 -10905.475
113.949 0.967 90.369 0.804 42.742 0.220 -69044.048
112.269 1.103 88.459 0.743 42.273 0.218 16525.815
110.294 0.965 86.462 0.811 41.871 0.210 7200.679
108.682 1.025 84.537 0.763 41.595 0.199 4666.571
106.817 1.036 82.462 0.823 41.361 0.188 3386.877
104.728 1.015 80.492 0.750 41.244 0.174 2689.724
102.837 1.149 78.531 0.829 41.206 0.185 2234.575
100.931 1.069 76.438 0.769 41.309 0.182 1894.658
98.927 1.154 74.465 0.753 41.477 0.185 1658.949
96.954 1.083 72.460 0.765 41.747 0.199 1474.244
94.736 1.017 70.592 0.755 42.090 0.218 1337.093
92.764 1.071 68.789 0.744 42.531 0.223 1228.011
90.638 1.168 66.956 0.763 43.075 0.239 1135.056
88.550 1.059 65.205 0.759 43.711 0.254 1059.420
86.470 1.035 63.435 0.755 44.458 0.289 993.493
84.574 1.230 61.941 0.759 45.211 0.302 944.552
82.425 1.216 60.352 0.683 46.107 0.306 898.173
80.235 1.097 59.004 0.754 47.023 0.343 862.745
78.263 1.044 57.631 0.691 48.061 0.339 829.897
76.340 0.986 56.550 0.670 49.037 0.346 806.049
74.273 1.111 55.460 0.590 50.152 0.345 783.619
72.328 1.027 54.380 0.657 51.331 0.349 762.864
70.497 0.961 53.438 0.639 52.532 0.385 745.847
---
128.899 0.756 103.087 0.666 51.165 0.379 -1962.164
127.547 0.900 101.690 0.643 50.058 0.384 -2192.795
126.208 0.818 100.332 0.621 48.995 0.356 -2477.289
125.029 0.858 98.777 0.658 47.980 0.351 -2911.799
123.477 0.817 97.207 0.703 47.035 0.284 -3541.452
122.024 0.907 95.710 0.736 46.165 0.321 -4465.730
120.407 0.807 94.034 0.765 45.342 0.284 -6315.336
118.931 0.935 92.182 0.789 44.635 0.282 -11669.213
117.325 0.936 90.413 0.808 43.986 0.243 -61686.060
115.506 0.991 88.523 0.694 43.374 0.274 17234.452
114.056 0.970 86.536 0.865 42.987 0.232 7354.155
112.178 0.993 84.692 0.730 42.547 0.231 4802.995
110.423 1.050 82.618 0.779 42.241 0.222 3457.878
108.568 0.979 80.692 0.822 42.023 0.202 2746.841
106.564 0.987 78.686 0.809 41.898 0.209 2264.703
104.720 1.045 76.593 0.759 41.916 0.203 1916.133
102.733 1.075 74.678 0.788 41.963 0.218 1681.385
100.876 1.063 72.647 0.820 42.152 0.215 1489.682
98.917 1.035 70.821 0.843 42.391 0.239 1352.419
96.769 1.104 68.884 0.743 42.744 0.235 1233.295
94.597 1.063 66.971 0.823 43.202 0.259 1135.759
92.776 1.044 65.273 0.735 43.702 0.262 1062.181
90.438 1.119 63.499 0.669 44.350 0.242 995.717
88.510 1.075 61.859 0.726 45.061 0.283 942.018
86.576 1.124 60.345 0.739 45.829 0.306 897.981
84.350 1.250 58.835 0.666 46.689 0.285 858.531
82.108 1.032 57.416 0.740 47.607 0.340 825.017
80.319 1.145 56.245 0.704 48.556 0.352 799.615
78.311 1.167 54.884 0.585 49.656 0.378 772.374
76.542 1.059 53.747 0.630 50.742 0.352 751.329
74.193 0.987 52.897 0.648 51.849 0.396 736.515
72.400 0.961 51.799 0.702 53.092 0.418 718.440
---
130.186 0.702 101.348 0.641 51.843 0.361 -2257.978
128.869 0.744 100.078 0.640 50.714 0.381 -2539.124
127.685 0.888 98.467 0.655 49.631 0.379 -3017.631
126.228 0.718 96.949 0.670 48.608 0.304 -3672.377
124.938 0.765 95.417 0.766 47.726 0.325 -4706.106
123.583 0.828 93.867 0.763 46.908 0.330 -6587.539
122.037 0.845 92.164 0.745 46.064 0.298 -11765.983
120.325 0.980 90.406 0.705 45.283 0.292 -62732.604
119.003 0.839 88.660 0.741 44.713 0.270 19002.732
117.281 0.987 86.744 0.733 44.143 0.277 7822.246
115.587 1.023 84.880 0.744 43.651 0.256 4978.435
114.097 1.079 82.924 0.733 43.300 0.258 3606.676
112.215 1.007 80.826 0.814 43.028 0.233 2786.784
110.365 1.054 78.982 0.793 42.772 0.239 2324.743
108.600 1.062 76.884 0.830 42.705 0.247 1957.873
106.650 1.004 74.868 0.743 42.666 0.220 1702.046
104.754 1.142 72.970 0.707 42.735 0.231 1517.024
102.859 1.099 70.892 0.756 42.929 0.235 1357.288
100.861 1.039 69.145 0.732 43.130 0.254 1248.004
98.849 1.096 67.211 0.781 43.493 0.263 1147.069
96.824 1.148 65.437 0.714 43.924 0.244 1068.797
94.691 1.082 63.581 0.712 44.470 0.272 998.564
92.558 1.119 61.988 0.667 45.056 0.281 946.022
90.722 1.054 60.154 0.694 45.830 0.304 892.749
88.460 1.102 58.752 0.721 46.517 0.322 856.481
86.369 0.982 57.308 0.690 47.332 0.336 822.587
84.417 1.099 55.876 0.717 48.287 0.348 792.008
82.264 0.958 54.598 0.642 49.241 0.347 766.944
80.312 1.043 53.371 0.640 50.282 0.342 744.676
78.410 1.038 52.291 0.652 51.365 0.376 726.388
76.404 1.059 51.287 0.613 52.468 0.390 710.404
74.502 1.085 50.318 0.569 53.693 0.380 695.816
---
131.326 0.854 99.608 0.609 52.536 0.425 -2662.103
129.971 0.805 98.193 0.620 51.381 0.369 -3117.889
128.919 0.793 96.890 0.625 50.362 0.342 -3703.773
127.621 0.717 95.386 0.616 49.389 0.345 -4733.083
126.430 0.813 93.791 0.663 48.540 0.342 -6719.061
124.910 0.899 92.022 0.695 47.630 0.343 -12594.782
123.574 0.794 90.432 0.687 46.874 0.307 -58944.238
122.071 0.891 88.632 0.751 46.144 0.307 18610.592
120.483 0.882 86.844 0.726 45.505 0.289 8071.332
118.910 0.931 84.955 0.734 44.965 0.280 5052.194
117.306 0.896 83.084 0.703 44.496 0.276 3689.938
115.718 0.937 81.054 0.761 44.145 0.246 2857.288
113.947 0.994 79.097 0.782 43.844 0.250 2349.048
112.236 1.021 77.218 0.717 43.639 0.261 2008.132
110.291 1.061 75.285 0.761 43.481 0.254 1749.116
108.442 0.991 73.190 0.753 43.509 0.254 1536.269
106.587 1.042 71.194 0.778 43.594 0.274 1378.252
104.820 1.083 69.317 0.719 43.756 0.255 1257.908
102.824 1.041 67.413 0.722 44.006 0.264 1156.796
100.885 0.997 65.647 0.766 44.316 0.282 1077.473
98.639 1.180 63.740 0.809 44.749 0.297 1004.204
96.763 1.187 62.113 0.754 45.248 0.295 949.916
94.751 1.167 60.310 0.681 45.902 0.300 897.025
92.757 1.071 58.865 0.668 46.511 0.317 859.290
90.441 1.066 57.324 0.729 47.239 0.353 822.938
88.564 1.143 55.756 0.667 48.146 0.332 789.557
86.530 1.095 54.501 0.647 49.006 0.352 765.132
84.198 1.035 53.188 0.692 49.974 0.370 741.498
82.358 1.064 52.055 0.572 50.946 0.365 722.551
80.383 1.225 50.941 0.639 51.995 0.358 705.105
78.335 1.205 49.907 0.618 53.148 0.394 689.875
76.485 1.115 48.848 0.631 54.402 0.393 675.166
---
132.489 0.756 97.995 0.617 53.315 0.400 -3194.471
131.316 0.804 96.494 0.638 52.151 0.398 -3928.167
130.090 0.737 95.076 0.658 51.137 0.376 -5021.149
128.854 0.874 93.714 0.530 50.160 0.401 -6858.864
127.678 0.752 91.924 0.704 49.359 0.384 -13232.479
126.259 0.825 90.303 0.673 48.469 0.348 -84147.887
124.829 0.793 88.701 0.707 47.694 0.316 19591.927
123.475 0.860 86.990 0.741 46.984 0.316 8461.498
122.048 0.834 85.166 0.809 46.415 0.281 5272.686
120.476 0.804 83.296 0.756 45.850 0.278 3805.687
118.802 0.825 81.469 0.755 45.355 0.275 2994.895
117.279 0.873 79.500 0.721 45.006 0.283 2437.996
115.838 0.921 77.479 0.735 44.796 0.293 2049.358
113.872 0.989 75.443 0.737 44.559 0.270 1767.666
112.175 0.954 73.560 0.821 44.452 0.285 1569.916
110.364 0.961 71.646 0.757 44.402 0.259 1410.967
108.556 1.036 69.714 0.687 44.508 0.288 1281.513
106.707 1.059 67.874 0.698 44.634 0.282 1179.611
104.593 1.026 65.947 0.678 44.893 0.283 1090.097
102.823 1.094 64.068 0.708 45.254 0.296 1015.983
100.861 1.117 62.269 0.648 45.664 0.283 954.820
98.734 1.136 60.606 0.730 46.160 0.321 905.244
96.784 1.145 58.884 0.701 46.759 0.303 859.764
94.656 1.074 57.366 0.694 47.400 0.355 823.890
92.666 1.085 55.813 0.644 48.150 0.310 790.707
90.550 1.135 54.440 0.643 48.933 0.328 763.985
88.549 1.000 53.158 0.657 49.785 0.335 740.974
86.456 1.010 51.885 0.650 50.754 0.363 719.818
84.354 1.234 50.671 0.645 51.746 0.365 701.038
82.357 1.032 49.676 0.588 52.711 0.358 686.591
80.386 1.009 48.509 0.580 53.921 0.376 670.642
78.213 1.113 47.722 0.561 54.987 0.371 660.451
---
133.554 0.691 96.354 0.575 54.095 0.431 -4014.417
132.325 0.791 94.921 0.661 52.975 0.357 -5179.559
131.240 0.741 93.517 0.563 51.971 0.410 -7243.500
129.971 0.792 91.985 0.655 51.082 0.426 -12826.103
128.878 0.708 90.350 0.669 50.193 0.381 -72834.302
127.539 0.824 88.751 0.668 49.367 0.371 20378.884
126.401 0.885 87.010 0.651 48.677 0.354 8517.533
124.892 0.817 85.272 0.760 47.932 0.335 5390.407
123.369 0.886 83.534 0.658 47.248 0.341 3945.485
121.985 0.832 81.592 0.724 46.827 0.303 3038.556
120.444 0.908 79.716 0.716 46.340 0.311 2488.647
118.894 0.835 77.932 0.787 45.971 0.287 2125.138
117.400 0.850 76.005 0.704 45.730 0.301 1837.180
115.643 0.892 73.944 0.709 45.552 0.286 1606.411
113.984 0.966 72.078 0.741 45.416 0.277 1443.797
112.242 0.984 70.068 0.701 45.424 0.304 1303.319
110.324 1.128 68.154 0.718 45.511 0.290 1193.994
108.613 1.079 66.334 0.736 45.629 0.293 1106.875
106.896 1.044 64.532 0.751 45.875 0.313 1033.249
104.791 0.995 62.757 0.775 46.202 0.328 970.595
102.777 1.056 60.708 0.736 46.675 0.307 908.114
100.813 1.201 59.128 0.668 47.122 0.315 865.880
98.808 1.108 57.626 0.733 47.649 0.324 829.788
96.748 1.242 56.012 0.684 48.333 0.318 794.781
94.674 1.102 54.463 0.675 49.076 0.373 764.416
92.763 1.157 53.172 0.613 49.797 0.344 741.226
90.637 1.146 51.836 0.605 50.649 0.365 719.032
88.455 1.118 50.497 0.586 51.620 0.340 698.449
86.399 1.054 49.479 0.609 52.562 0.357 683.821
84.628 1.038 48.238 0.581 53.666 0.392 667.085
82.292 0.967 47.201 0.647 54.755 0.434 653.937
80.191 1.111 46.309 0.613 55.879 0.415 643.194
---
134.628 0.717 94.589 0.529 54.982 0.473 -5553.691
133.585 0.741 93.360 0.580 53.945 0.400 -7579.775
132.414 0.763 91.716 0.603 52.921 0.388 -14833.930
131.324 0.745 90.373 0.671 52.011 0.380 -68295.035
130.049 0.749 88.781 0.667 51.155 0.386 20887.588
128.791 0.761 87.012 0.642 50.311 0.348 8523.663
127.468 0.720 85.434 0.685 49.604 0.378 5581.241
126.328 0.765 83.589 0.720 48.968 0.347 3978.814
124.890 0.951 81.906 0.659 48.348 0.370 3155.774
123.619 0.946 80.062 0.680 47.839 0.338 2574.462
121.993 0.838 78.284 0.733 47.377 0.314 2188.027
120.515 0.832 76.386 0.742 47.035 0.306 1887.586
118.959 0.945 74.331 0.682 46.835 0.326 1645.038
117.216 0.930 72.580 0.705 46.536 0.336 1484.079
115.738 0.914 70.668 0.680 46.461 0.303 1342.102
114.211 1.066 68.691 0.712 46.472 0.326 1222.622
112.132 1.065 66.925 0.679 46.498 0.326 1133.625
110.518 1.115 65.004 0.705 46.675 0.311 1051.466
108.647 1.024 63.098 0.726 46.948 0.330 981.950
106.742 1.107 61.352 0.718 47.245 0.343 926.743
104.913 1.101 59.523 0.788 47.693 0.354 876.010
102.735 1.166 57.926 0.748 48.113 0.358 836.707
100.721 1.172 56.290 0.638 48.684 0.336 800.562
98.799 1.165 54.609 0.659 49.389 0.348 767.153
96.651 1.021 53.330 0.659 49.981 0.392 743.959
94.598 0.943 51.920 0.661 50.786 0.392 720.380
92.645 1.196 50.531 0.551 51.649 0.344 698.953
90.619 1.062 49.358 0.609 52.515 0.366 682.141
88.431 1.137 48.061 0.578 53.532 0.370 664.786
86.323 1.148 47.080 0.571 54.548 0.387 652.445
84.485 1.316 46.005 0.537 55.600 0.406 639.648
82.144 1.118 45.031 0.581 56.823 0.405 628.671
---
135.569 0.629 93.268 0.605 55.863 0.379 -7794.290
134.489 0.690 91.781 0.459 54.779 0.438 -14298.536
133.485 0.643 90.359 0.582 53.863 0.419 -70965.439
132.417 0.685 88.808 0.613 52.966 0.332 21361.111
131.388 0.763 87.296 0.630 52.161 0.400 9419.451
130.144 0.778 85.600 0.687 51.380 0.376 5791.816
128.807 0.772 83.940 0.622 50.598 0.381 4208.490
127.718 0.763 82.190 0.676 50.034 0.368 3269.680
126.213 0.788 80.378 0.695 49.373 0.347 2658.267
124.865 0.749 78.452 0.685 48.973 0.329 2219.349
123.548 0.868 76.921 0.724 48.485 0.334 1963.358
122.173 0.815 74.961 0.734 48.215 0.313 1712.326
120.375 0.877 73.081 0.717 47.830 0.321 1526.675
118.872 0.975 71.176 0.686 47.699 0.332 1377.003
117.428 0.901 69.326 0.652 47.580 0.310 1258.476
115.653 0.915 67.379 0.618 47.567 0.332 1155.112
113.923 0.919 65.554 0.765 47.598 0.319 1073.613
112.198 1.001 63.700 0.732 47.744 0.348 1002.762
110.452 1.014 61.939 0.702 47.982 0.361 944.497
108.479 0.959 60.065 0.666 48.295 0.344 890.348
106.681 1.076 58.333 0.660 48.746 0.329 846.304
104.788 1.007 56.763 0.660 49.139 0.339 810.605
102.971 0.999 55.118 0.647 49.747 0.368 776.893
100.784 1.061 53.605 0.648 50.339 0.364 748.807
98.977 1.199 52.020 0.633 51.077 0.359 721.987
96.639 1.086 50.633 0.638 51.835 0.383 700.476
94.778 1.156 49.393 0.622 52.643 0.382 682.630
92.718 1.147 48.128 0.588 53.506 0.390 665.645
90.467 1.146 46.924 0.592 54.517 0.420 650.542
88.423 1.148 45.901 0.565 55.519 0.411 638.454
86.493 1.092 44.882 0.604 56.554 0.398 627.041
84.297 0.965 43.902 0.542 57.674 0.410 616.634
---
136.492 0.536 91.742 0.576 56.818 0.390 -14612.068
135.665 0.607 90.390 0.621 55.847 0.410 -65193.754
134.452 0.687 88.817 0.631 54.870 0.366 21516.030
133.669 0.696 87.334 0.567 54.105 0.412 9550.299
132.485 0.672 85.789 0.638 53.283 0.341 6050.761
131.419 0.670 84.218 0.614 52.487 0.361 4410.203
130.172 0.792 82.494 0.600 51.814 0.373 3401.054
128.798 0.709 80.638 0.683 51.066 0.345 2731.267
127.643 0.817 79.096 0.649 50.569 0.376 2348.726
126.356 0.832 77.199 0.620 50.065 0.363 2005.255
124.782 0.767 75.366 0.642 49.619 0.356 1758.609
123.384 0.815 73.590 0.602 49.222 0.354 1572.654
122.065 0.845 71.671 0.746 49.057 0.341 1412.855
120.560 0.866 69.890 0.638 48.833 0.348 1292.250
119.063 0.860 68.056 0.644 48.748 0.319 1188.904
117.229 0.917 66.121 0.686 48.714 0.359 1097.552
115.548 0.842 64.336 0.667 48.696 0.324 1025.861
113.945 0.910 62.457 0.675 48.939 0.347 960.815
112.249 0.911 60.578 0.644 49.156 0.330 904.458
110.412 1.023 58.995 0.662 49.470 0.355 862.532
108.673 1.078 57.261 0.665 49.885 0.351 821.546
106.758 1.050 55.471 0.698 50.416 0.381 783.833
104.711 1.024 53.949 0.645 50.886 0.379 754.972
102.768 1.097 52.505 0.590 51.446 0.360 729.926
100.766 0.987 51.008 0.645 52.098 0.389 706.126
98.836 1.036 49.587 0.564 52.921 0.395 685.345
96.593 1.015 48.310 0.620 53.698 0.412 668.024
94.501 1.129 47.085 0.574 54.569 0.408 652.509
92.729 1.018 45.900 0.609 55.549 0.423 638.438
90.693 1.083 44.832 0.574 56.514 0.428 626.500
88.725 1.077 43.791 0.539 57.535 0.376 615.481
86.456 1.000 42.932 0.498 58.625 0.429 606.828
---
137.532 0.608 90.230 0.615 57.884 0.375 -110516.294
136.705 0.588 88.960 0.577 57.034 0.378 24476.170
135.747 0.594 87.418 0.521 56.084 0.418 9864.212
134.582 0.735 85.934 0.572 55.120 0.425 6266.590
133.499 0.647 84.283 0.691 54.399 0.386 4459.809
132.576 0.750 82.679 0.643 53.633 0.394 3486.513
131.219 0.717 81.066 0.599 52.886 0.349 2861.045
130.082 0.733 79.278 0.652 52.284 0.342 2388.048
128.919 0.751 77.638 0.623 51.737 0.368 2075.239
127.577 0.734 75.924 0.635 51.220 0.384 1826.852
126.282 0.853 74.166 0.690 50.808 0.343 1628.405
124.898 0.874 72.298 0.587 50.500 0.369 1461.164
123.457 0.897 70.350 0.653 50.256 0.377 1321.275
122.070 0.769 68.705 0.605 50.052 0.361 1223.419
120.597 0.956 66.723 0.613 50.017 0.360 1124.286
118.966 0.869 64.992 0.664 49.923 0.395 1050.992
117.431 0.956 63.207 0.684 49.991 0.341 985.648
115.716 1.033 61.340 0.600 50.153 0.330 926.370
113.885 0.912 59.536 0.587 50.378 0.344 876.326
112.183 1.036 57.855 0.625 50.636 0.373 835.055
110.576 0.958 56.076 0.622 51.111 0.355 796.110
108.689 1.090 54.552 0.608 51.500 0.385 766.087
106.609 1.202 52.929 0.586 52.016 0.330 737.050
104.809 0.994 51.380 0.587 52.667 0.370 711.841
102.746 1.137 50.017 0.540 53.287 0.378 691.449
100.877 0.911 48.622 0.645 54.032 0.415 672.145
98.934 1.100 47.278 0.544 54.842 0.385 654.883
96.710 1.213 46.160 0.548 55.640 0.418 641.450
94.763 1.009 44.930 0.602 56.652 0.446 627.574
92.525 1.179 43.938 0.571 57.490 0.399 617.001
90.608 1.028 42.924 0.534 58.553 0.413 606.753
88.689 1.138 41.906 0.490 59.644 0.411 596.987
---
138.486 0.614 89.017 0.530 59.072 0.430 25900.921
137.612 0.552 87.648 0.542 57.992 0.388 10824.963
136.683 0.544 86.059 0.616 57.224 0.395 6465.011
135.810 0.656 84.606 0.599 56.314 0.415 4726.297
134.576 0.625 83.029 0.566 55.506 0.454 3660.610
133.578 0.517 81.353 0.579 54.814 0.371 2955.083
132.461 0.655 79.813 0.657 54.141 0.399 2512.153
131.363 0.794 78.061 0.639 53.487 0.416 2147.672
130.061 0.676 76.425 0.626 52.919 0.397 1892.934
128.836 0.671 74.730 0.622 52.465 0.348 1686.946
127.760 0.795 72.831 0.660 52.117 0.363 1505.127
126.413 0.774 70.984 0.659 51.723 0.397 1363.611
124.807 0.895 69.202 0.695 51.544 0.404 1251.286
123.428 0.810 67.356 0.713 51.316 0.346 1154.009
122.060 0.841 65.773 0.624 51.158 0.383 1082.723
120.498 0.911 63.854 0.681 51.205 0.364 1008.268
119.034 0.892 62.009 0.633 51.280 0.387 946.667
117.382 0.883 60.246 0.637 51.393 0.357 895.256
115.577 0.903 58.445 0.654 51.627 0.381 849.012
113.859 0.996 56.658 0.591 51.987 0.352 808.361
112.169 0.944 55.117 0.668 52.293 0.404 776.878
110.389 0.960 53.457 0.626 52.779 0.393 746.182
108.703 1.006 52.047 0.596 53.268 0.402 722.419
106.605 0.959 50.598 0.659 53.797 0.386 699.954
104.815 1.020 49.157 0.582 54.436 0.412 679.367
102.960 1.062 47.713 0.631 55.230 0.428 660.327
100.693 1.098 46.367 0.501 55.986 0.389 643.881
98.846 1.180 45.215 0.485 56.802 0.426 630.707
96.865 1.197 44.061 0.531 57.729 0.432 618.282
94.679 1.053 42.944 0.564 58.671 0.477 606.953
92.708 1.174 41.938 0.512 59.670 0.451 597.285
90.569 1.085 41.030 0.496 60.727 0.467 588.970
