phi std_phi theta std_theta rho std_rho effective thickness
---
-91.389 1.040 141.443 0.478 61.504 0.495 -568.166
-89.459 0.985 140.676 0.499 60.401 0.439 -574.343
-87.296 1.196 139.779 0.461 59.430 0.469 -581.883
-85.526 1.109 138.901 0.488 58.492 0.385 -589.588
-83.110 0.865 137.915 0.493 57.565 0.394 -598.665
-81.084 1.258 136.689 0.479 56.531 0.443 -610.599
-79.287 0.929 135.701 0.554 55.788 0.448 -620.790
-77.092 1.047 134.430 0.556 55.043 0.354 -634.678
-75.275 0.938 133.070 0.553 54.238 0.399 -650.615
-73.400 1.093 131.760 0.543 53.609 0.363 -667.100
-71.477 0.978 130.287 0.582 53.053 0.425 -687.110
-69.637 1.034 128.963 0.610 52.578 0.415 -706.563
-67.949 0.893 127.261 0.567 52.077 0.370 -733.838
-66.010 1.015 125.615 0.599 51.739 0.372 -762.970
-64.323 0.896 124.191 0.686 51.584 0.345 -790.627
-62.672 0.898 122.469 0.677 51.316 0.361 -827.618
-60.881 0.985 120.802 0.596 51.188 0.321 -867.657
-59.539 0.810 119.081 0.669 51.108 0.362 -914.101
-57.992 0.851 117.187 0.634 51.103 0.389 -972.429
-56.508 0.797 115.496 0.673 51.262 0.350 -1032.168
-55.200 0.950 113.633 0.659 51.382 0.379 -1108.337
-53.842 0.776 111.931 0.592 51.679 0.406 -1189.600
-52.345 0.742 110.029 0.686 51.960 0.364 -1297.218
-51.008 0.873 108.292 0.600 52.435 0.375 -1415.600
-49.848 0.738 106.628 0.669 52.845 0.370 -1552.632
-48.637 0.708 104.845 0.686 53.494 0.375 -1734.181
-47.502 0.662 103.105 0.619 54.059 0.371 -1959.615
-46.491 0.648 101.413 0.557 54.680 0.394 -2245.211
-45.342 0.695 99.983 0.614 55.534 0.359 -2563.053
-44.334 0.631 98.350 0.654 56.295 0.353 -3059.631
-43.343 0.560 96.708 0.563 57.137 0.404 -3803.417
-42.341 0.575 95.259 0.560 58.088 0.377 -4847.756
---
-93.558 1.182 140.750 0.560 60.576 0.452 -573.737
-91.346 1.053 139.825 0.549 59.392 0.473 -581.489
-89.408 1.211 138.892 0.454 58.353 0.401 -589.674
-87.399 1.129 137.908 0.514 57.249 0.446 -598.733
-85.080 1.005 137.098 0.583 56.478 0.392 -606.534
-83.279 1.206 135.979 0.527 55.445 0.419 -617.867
-81.293 1.111 134.742 0.535 54.625 0.408 -631.185
-79.214 1.133 133.496 0.603 53.812 0.412 -645.497
-77.036 1.003 132.244 0.610 53.095 0.385 -660.878
-74.929 0.918 131.006 0.599 52.528 0.381 -677.147
-73.125 1.042 129.447 0.656 51.867 0.424 -699.282
-71.404 1.023 128.021 0.568 51.342 0.335 -721.319
-69.529 1.019 126.336 0.606 50.862 0.391 -749.843
-67.729 0.980 124.763 0.667 50.489 0.351 -779.228
-66.203 0.884 123.173 0.698 50.226 0.376 -812.004
-64.364 0.963 121.415 0.642 50.000 0.372 -852.396
-62.758 0.848 119.755 0.644 49.851 0.361 -895.248
-61.063 0.968 117.957 0.632 49.818 0.348 -947.709
-59.393 0.791 116.098 0.631 49.897 0.327 -1009.975
-57.927 0.906 114.383 0.623 49.963 0.378 -1076.198
-56.535 0.835 112.559 0.594 50.108 0.367 -1158.125
-55.035 0.734 110.735 0.669 50.414 0.334 -1254.903
-53.739 0.753 108.958 0.651 50.719 0.347 -1367.571
-52.375 0.730 107.210 0.599 51.164 0.408 -1501.638
-51.116 0.728 105.337 0.671 51.579 0.373 -1679.840
-49.752 0.610 103.645 0.694 52.240 0.312 -1883.351
-48.676 0.717 101.816 0.592 52.889 0.400 -2169.786
-47.520 0.609 100.182 0.645 53.541 0.361 -2513.236
-46.430 0.803 98.538 0.523 54.260 0.433 -2992.448
-45.292 0.588 96.977 0.595 55.156 0.374 -3657.496
-44.325 0.588 95.431 0.537 55.965 0.455 -4694.053
-43.351 0.674 93.893 0.561 56.910 0.404 -6543.341
---
-95.496 1.065 139.699 0.521 59.501 0.496 -582.565
-93.708 1.464 138.956 0.455 58.434 0.353 -589.093
-91.300 1.067 138.088 0.480 57.314 0.385 -597.039
-89.238 1.227 137.122 0.498 56.291 0.394 -606.301
-87.314 1.217 136.138 0.415 55.302 0.368 -616.222
-85.124 1.026 135.185 0.527 54.459 0.384 -626.311
-82.969 1.145 133.918 0.506 53.486 0.388 -640.548
-81.301 1.059 132.647 0.663 52.692 0.432 -655.816
-79.054 0.960 131.256 0.718 51.899 0.453 -673.775
-77.038 1.049 129.898 0.598 51.277 0.358 -692.685
-75.186 1.031 128.642 0.592 50.702 0.343 -711.509
-73.282 1.045 127.078 0.594 50.166 0.374 -736.937
-71.373 1.062 125.421 0.632 49.715 0.358 -766.589
-69.605 0.942 123.871 0.684 49.323 0.345 -797.204
-67.775 0.905 122.318 0.662 49.068 0.346 -831.056
-65.987 0.953 120.389 0.576 48.808 0.317 -878.302
-64.397 0.961 118.762 0.697 48.679 0.335 -923.368
-62.779 0.840 116.808 0.630 48.564 0.345 -985.126
-61.131 0.932 115.089 0.692 48.628 0.346 -1047.827
-59.545 0.814 113.194 0.607 48.744 0.306 -1128.091
-57.979 0.806 111.304 0.740 48.933 0.327 -1222.902
-56.468 0.888 109.547 0.722 49.185 0.370 -1327.910
-55.017 0.843 107.663 0.671 49.578 0.347 -1464.324
-53.649 0.788 105.854 0.668 49.966 0.367 -1626.340
-52.348 0.759 104.243 0.624 50.546 0.364 -1805.813
-51.025 0.765 102.378 0.673 51.123 0.347 -2072.748
-50.050 0.840 100.555 0.589 51.653 0.412 -2425.382
-48.638 0.700 98.869 0.677 52.418 0.375 -2881.697
-47.613 0.634 97.273 0.642 53.155 0.393 -3509.683
-46.365 0.665 95.481 0.576 54.069 0.354 -4651.831
-45.523 0.669 94.031 0.656 54.890 0.419 -6320.122
-44.285 0.568 92.543 0.623 55.865 0.379 -10013.014
---
-97.455 0.969 138.673 0.523 58.577 0.442 -591.646
-95.321 1.265 137.844 0.518 57.395 0.439 -599.333
-93.504 1.132 137.053 0.529 56.287 0.404 -606.983
-91.520 1.119 135.978 0.596 55.157 0.431 -617.879
-89.300 0.959 135.218 0.582 54.262 0.371 -625.959
-87.414 1.222 134.061 0.593 53.292 0.404 -638.896
-85.330 1.121 132.906 0.578 52.449 0.333 -652.622
-83.347 1.128 131.607 0.611 51.566 0.406 -669.115
-81.260 1.014 130.301 0.694 50.848 0.412 -686.917
-79.056 1.045 128.945 0.605 50.181 0.367 -706.838
-77.300 1.051 127.519 0.615 49.537 0.354 -729.527
-75.446 1.179 126.066 0.747 49.020 0.366 -754.691
-73.133 1.094 124.385 0.637 48.541 0.348 -786.725
-71.456 1.006 122.819 0.690 48.204 0.337 -819.764
-69.573 1.041 121.065 0.610 47.898 0.309 -861.041
-67.882 1.080 119.367 0.675 47.646 0.347 -905.996
-66.117 0.968 117.621 0.624 47.514 0.293 -958.323
-64.421 0.845 115.707 0.688 47.434 0.317 -1024.274
-62.723 0.971 113.876 0.663 47.498 0.322 -1097.686
-61.094 0.932 111.997 0.613 47.550 0.301 -1186.198
-59.507 0.828 109.985 0.708 47.678 0.347 -1299.952
-57.868 0.804 108.199 0.692 48.049 0.319 -1422.562
-56.520 0.787 106.312 0.693 48.402 0.348 -1581.864
-55.021 0.782 104.511 0.662 48.854 0.335 -1773.186
-53.660 0.850 102.861 0.638 49.378 0.371 -1996.114
-52.291 0.828 100.958 0.642 50.000 0.368 -2337.266
-51.119 0.769 99.209 0.607 50.552 0.370 -2776.144
-49.782 0.732 97.553 0.697 51.427 0.392 -3380.176
-48.742 0.701 95.734 0.548 52.132 0.422 -4447.359
-47.429 0.717 94.077 0.676 53.062 0.327 -6249.869
-46.314 0.690 92.697 0.613 53.950 0.397 -9440.807
-45.336 0.604 91.138 0.656 54.839 0.441 -22375.029
---
-99.512 1.059 137.614 0.515 57.605 0.453 -601.528
-97.572 1.024 136.926 0.621 56.548 0.449 -608.234
-95.648 1.218 136.035 0.530 55.432 0.391 -617.289
-93.667 1.148 135.043 0.573 54.335 0.383 -627.867
-91.544 0.930 134.147 0.529 53.390 0.383 -637.908
-89.425 1.149 132.886 0.620 52.288 0.412 -652.859
-87.446 1.041 131.854 0.534 51.493 0.387 -665.880
-85.230 0.917 130.385 0.630 50.521 0.338 -685.735
-83.211 1.094 129.464 0.627 49.953 0.375 -699.037
-81.322 1.108 127.810 0.660 49.107 0.347 -724.737
-79.044 1.124 126.359 0.619 48.502 0.329 -749.443
-77.151 1.116 124.832 0.661 47.941 0.326 -777.875
-75.231 1.059 123.210 0.635 47.461 0.320 -811.206
-73.450 1.086 121.559 0.768 47.084 0.337 -848.912
-71.401 0.986 119.856 0.735 46.777 0.330 -892.478
-69.620 1.014 118.017 0.659 46.496 0.293 -945.848
-67.833 0.923 116.411 0.680 46.454 0.295 -998.862
-66.129 1.072 114.414 0.673 46.300 0.315 -1074.926
-64.258 0.976 112.448 0.774 46.305 0.310 -1163.545
-62.650 1.005 110.740 0.653 46.477 0.308 -1254.638
-61.082 0.946 108.723 0.692 46.679 0.290 -1384.173
-59.359 0.900 106.884 0.702 46.998 0.315 -1529.786
-57.889 0.793 105.025 0.703 47.319 0.318 -1713.861
-56.541 0.793 103.120 0.732 47.749 0.343 -1957.396
-55.152 0.801 101.323 0.669 48.255 0.372 -2262.989
-53.813 0.847 99.473 0.679 48.881 0.341 -2699.482
-52.467 0.864 97.799 0.593 49.587 0.381 -3274.288
-51.200 0.705 95.959 0.685 50.304 0.377 -4279.915
-50.069 0.690 94.407 0.607 51.068 0.380 -5781.551
-48.693 0.829 92.787 0.649 52.012 0.415 -9137.779
-47.570 0.702 91.092 0.591 52.915 0.372 -23316.800
-46.282 0.721 89.540 0.556 53.982 0.394 55358.066
---
-101.774 0.943 136.457 0.650 56.782 0.447 -612.945
-99.508 1.125 135.741 0.549 55.671 0.398 -620.367
-97.471 1.180 134.986 0.554 54.542 0.377 -628.487
-95.615 1.142 133.956 0.544 53.437 0.420 -640.106
-93.594 1.198 132.935 0.607 52.419 0.351 -652.267
-91.426 0.998 131.772 0.541 51.386 0.366 -666.942
-89.262 1.076 130.645 0.614 50.493 0.362 -682.099
-87.624 1.192 129.490 0.637 49.669 0.367 -698.643
-85.249 1.123 128.152 0.581 48.869 0.319 -719.226
-83.022 1.013 126.631 0.637 48.127 0.332 -744.640
-81.261 1.126 125.182 0.653 47.474 0.343 -771.126
-79.297 1.015 123.714 0.745 46.975 0.340 -800.482
-77.141 1.114 122.048 0.718 46.445 0.334 -837.297
-75.306 1.164 120.348 0.710 46.053 0.306 -879.359
-73.260 1.068 118.546 0.643 45.690 0.285 -929.762
-71.313 1.107 116.884 0.648 45.508 0.287 -982.556
-69.608 0.976 114.935 0.696 45.341 0.291 -1053.855
-67.888 0.957 113.199 0.764 45.290 0.281 -1127.859
-66.074 0.916 111.259 0.685 45.304 0.282 -1225.359
-64.231 0.985 109.363 0.724 45.444 0.315 -1340.050
-62.654 0.905 107.486 0.666 45.663 0.289 -1478.689
-61.122 0.919 105.508 0.729 45.916 0.320 -1661.721
-59.623 0.770 103.615 0.751 46.314 0.267 -1887.415
-57.862 0.832 101.676 0.730 46.809 0.319 -2195.432
-56.523 0.882 100.087 0.716 47.293 0.306 -2536.901
-55.055 0.828 97.949 0.676 47.891 0.342 -3212.677
-53.688 0.942 96.334 0.660 48.643 0.386 -4027.470
-52.408 0.763 94.598 0.637 49.348 0.347 -5542.727
-51.113 0.831 92.953 0.659 50.212 0.372 -8625.595
-49.924 0.765 91.230 0.672 51.047 0.380 -20706.168
-48.656 0.705 89.614 0.586 52.107 0.405 65920.558
-47.397 0.663 88.207 0.667 53.101 0.376 14198.898
---
-103.733 1.199 135.229 0.515 56.065 0.377 -625.839
-101.709 0.991 134.541 0.625 54.869 0.418 -633.433
-99.795 1.244 133.709 0.414 53.743 0.345 -642.981
-97.485 1.118 132.815 0.532 52.626 0.336 -653.732
-95.764 1.133 131.640 0.561 51.560 0.325 -668.670
-93.567 1.054 130.691 0.595 50.592 0.361 -681.466
-91.538 1.153 129.428 0.566 49.652 0.337 -699.568
-89.349 1.084 128.103 0.634 48.725 0.361 -720.014
-87.314 1.171 126.823 0.617 47.941 0.323 -741.302
-85.492 0.924 125.441 0.701 47.212 0.336 -766.218
-83.349 1.150 123.962 0.587 46.563 0.288 -795.311
-81.089 1.154 122.557 0.645 46.038 0.316 -825.630
-79.202 1.081 120.875 0.694 45.545 0.307 -865.792
-77.218 1.053 119.026 0.670 45.072 0.275 -915.695
-75.240 1.181 117.297 0.679 44.762 0.269 -968.818
-73.291 1.109 115.483 0.754 44.520 0.277 -1032.678
-71.463 1.050 113.658 0.726 44.364 0.270 -1107.206
-69.576 0.960 111.679 0.700 44.274 0.261 -1202.761
-67.834 0.971 109.807 0.690 44.322 0.283 -1311.187
-65.935 1.047 107.826 0.764 44.459 0.281 -1451.379
-64.258 0.868 105.775 0.766 44.624 0.271 -1634.248
-62.571 1.007 103.982 0.708 44.989 0.298 -1838.887
-60.855 0.887 102.107 0.735 45.404 0.295 -2118.300
-59.515 0.858 100.082 0.740 45.824 0.316 -2538.062
-58.137 0.944 98.244 0.704 46.342 0.295 -3098.655
-56.541 0.920 96.350 0.610 46.968 0.340 -4017.344
-55.224 0.844 94.753 0.708 47.725 0.317 -5362.470
-53.592 0.736 92.910 0.636 48.482 0.341 -8752.925
-52.328 0.787 91.236 0.646 49.372 0.344 -20601.222
-51.103 0.823 89.615 0.674 50.206 0.387 66206.449
-49.920 0.716 88.207 0.598 51.144 0.335 14199.844
-48.646 0.788 86.543 0.548 52.207 0.410 7368.722
---
-105.709 1.021 134.043 0.550 55.369 0.380 -639.095
-103.804 1.022 133.228 0.562 54.192 0.423 -648.710
-101.685 1.248 132.331 0.548 52.945 0.379 -659.779
-99.786 0.992 131.426 0.533 51.823 0.362 -671.504
-97.689 1.251 130.363 0.629 50.743 0.334 -686.044
-95.688 1.148 129.339 0.555 49.848 0.351 -700.887
-93.508 1.113 128.128 0.570 48.790 0.313 -719.614
-91.458 1.139 126.927 0.620 47.958 0.333 -739.519
-89.305 1.150 125.403 0.657 47.086 0.367 -766.926
-87.229 1.150 124.144 0.704 46.411 0.310 -791.594
-85.239 1.161 122.616 0.690 45.733 0.295 -824.296
-83.143 1.032 120.987 0.677 45.114 0.295 -862.987
-81.106 1.193 119.291 0.646 44.610 0.266 -908.127
-79.287 1.091 117.589 0.745 44.169 0.277 -959.360
-77.121 1.075 115.895 0.721 43.882 0.275 -1017.332
-75.305 0.913 114.099 0.717 43.646 0.256 -1088.143
-73.369 1.009 112.176 0.741 43.449 0.253 -1177.102
-71.394 1.022 110.253 0.775 43.400 0.257 -1283.505
-69.502 1.020 108.334 0.838 43.467 0.255 -1412.481
-67.771 1.061 106.309 0.692 43.562 0.266 -1582.152
-65.967 0.915 104.333 0.807 43.774 0.237 -1794.699
-64.362 0.968 102.483 0.737 44.068 0.266 -2055.509
-62.649 0.974 100.399 0.740 44.445 0.282 -2461.413
-61.154 0.879 98.620 0.793 44.946 0.257 -2964.343
-59.426 0.885 96.672 0.769 45.509 0.282 -3823.867
-57.945 0.861 94.762 0.702 46.136 0.284 -5352.444
-56.432 0.792 93.172 0.720 46.847 0.291 -8030.716
-55.140 0.705 91.331 0.721 47.653 0.308 -19134.194
-53.756 0.740 89.636 0.677 48.465 0.330 69991.310
-52.426 0.887 88.016 0.661 49.433 0.329 12835.243
-51.146 0.738 86.368 0.633 50.402 0.351 7013.903
-49.935 0.791 84.927 0.737 51.385 0.365 5024.441
---
-107.335 1.031 132.764 0.481 54.711 0.371 -654.367
-105.475 1.056 131.841 0.544 53.425 0.373 -666.053
-103.464 0.982 130.960 0.574 52.246 0.367 -677.767
-101.510 1.068 130.085 0.626 51.137 0.406 -689.988
-99.420 1.048 129.088 0.585 50.038 0.369 -704.662
-97.732 1.109 127.948 0.583 49.024 0.332 -722.504
-95.626 1.216 126.737 0.630 48.062 0.308 -742.802
-93.478 1.083 125.402 0.592 47.159 0.326 -766.952
-91.618 1.220 124.172 0.694 46.382 0.303 -791.019
-89.403 1.113 122.790 0.731 45.610 0.311 -820.395
-87.101 0.995 121.180 0.650 44.906 0.274 -858.176
-85.358 1.034 119.631 0.704 44.334 0.265 -898.630
-83.301 1.100 117.899 0.649 43.798 0.237 -949.538
-81.197 1.179 116.211 0.738 43.386 0.245 -1005.924
-79.286 1.072 114.317 0.760 43.021 0.251 -1078.947
-77.189 1.092 112.438 0.676 42.774 0.209 -1164.055
-75.266 0.990 110.615 0.813 42.630 0.244 -1261.905
-73.287 1.107 108.723 0.744 42.601 0.236 -1384.131
-71.479 0.987 106.656 0.793 42.592 0.221 -1550.085
-69.512 1.129 104.779 0.689 42.743 0.248 -1741.779
-67.760 0.996 102.681 0.702 42.933 0.233 -2023.984
-65.988 1.038 100.742 0.773 43.228 0.249 -2383.845
-64.381 0.942 98.814 0.743 43.653 0.254 -2899.611
-62.618 1.036 96.936 0.700 44.142 0.286 -3678.950
-61.052 0.899 94.986 0.735 44.727 0.279 -5112.500
-59.359 0.958 93.189 0.740 45.375 0.283 -7986.305
-57.962 0.869 91.377 0.736 46.125 0.319 -18488.045
-56.610 0.786 89.612 0.698 46.861 0.301 65639.781
-54.907 0.853 87.811 0.703 47.813 0.349 11634.326
-53.640 0.738 86.344 0.741 48.744 0.321 6968.559
-52.493 0.849 84.679 0.675 49.637 0.377 4790.810
-51.227 0.769 83.189 0.698 50.715 0.362 3746.547
---
-109.342 1.040 131.408 0.541 54.102 0.407 -671.743
-107.211 1.045 130.537 0.559 52.862 0.367 -683.597
-105.715 1.070 129.532 0.551 51.660 0.381 -698.029
-103.655 1.064 128.687 0.683 50.515 0.402 -710.805
-101.654 1.046 127.684 0.658 49.458 0.359 -726.799
-99.790 1.149 126.511 0.614 48.412 0.315 -746.751
-97.668 1.185 125.410 0.666 47.454 0.335 -766.796
-95.628 1.031 123.994 0.690 46.464 0.316 -794.653
-93.509 1.133 122.734 0.661 45.685 0.309 -821.649
-91.462 1.209 121.208 0.728 44.904 0.285 -857.485
-89.411 1.127 119.739 0.663 44.216 0.244 -895.673
-87.342 1.094 118.022 0.692 43.597 0.270 -945.695
-85.171 1.133 116.319 0.705 43.060 0.239 -1002.094
-83.240 1.100 114.542 0.682 42.608 0.219 -1069.693
-81.329 0.955 112.794 0.779 42.291 0.225 -1146.826
-79.293 1.092 110.830 0.813 42.021 0.216 -1249.479
-77.220 1.117 109.010 0.790 41.877 0.219 -1363.972
-75.396 1.036 107.032 0.788 41.799 0.209 -1516.886
-73.315 1.155 104.989 0.748 41.833 0.216 -1717.907
-71.467 0.951 102.986 0.746 41.963 0.199 -1977.255
-69.440 1.054 101.115 0.770 42.231 0.226 -2304.794
-67.786 1.076 99.113 0.696 42.526 0.217 -2805.140
-66.083 0.968 97.150 0.838 42.942 0.236 -3569.437
-64.336 0.928 95.123 0.713 43.408 0.243 -4975.251
-62.884 0.996 93.169 0.713 43.893 0.267 -8036.138
-61.159 0.894 91.448 0.709 44.614 0.296 -17585.971
-59.476 0.924 89.511 0.767 45.393 0.288 52052.899
-58.091 0.825 87.703 0.704 46.178 0.273 11087.290
-56.434 0.863 86.161 0.735 47.067 0.348 6636.216
-55.107 0.924 84.423 0.691 48.001 0.347 4571.647
-53.677 0.813 82.932 0.724 48.990 0.358 3611.052
-52.321 0.737 81.441 0.681 50.126 0.352 2985.158
---
-111.125 0.975 129.976 0.644 53.620 0.394 -691.547
-109.298 1.024 129.064 0.591 52.356 0.409 -705.035
-107.555 0.848 128.076 0.583 51.084 0.353 -720.447
-105.748 1.038 127.313 0.573 50.010 0.358 -732.968
-103.772 1.084 126.050 0.636 48.839 0.344 -754.980
-101.526 1.076 125.016 0.731 47.835 0.371 -774.314
-99.743 1.042 123.797 0.715 46.826 0.334 -798.731
-97.860 1.138 122.492 0.623 45.894 0.268 -827.097
-95.341 1.131 121.100 0.684 45.049 0.282 -860.164
-93.628 0.985 119.644 0.823 44.268 0.293 -898.297
-91.691 1.056 118.161 0.694 43.599 0.238 -941.419
-89.398 1.002 116.491 0.773 42.984 0.255 -996.067
-87.326 1.037 114.717 0.742 42.426 0.220 -1062.572
-85.188 1.217 113.040 0.728 42.005 0.210 -1135.237
-83.277 1.146 111.067 0.733 41.609 0.202 -1236.024
-81.379 1.073 109.284 0.803 41.376 0.192 -1345.312
-79.124 1.010 107.240 0.808 41.197 0.183 -1499.108
-77.207 1.007 105.301 0.804 41.134 0.182 -1683.644
-75.123 1.076 103.301 0.766 41.174 0.181 -1931.231
-73.283 1.097 101.358 0.803 41.315 0.186 -2256.106
-71.415 0.977 99.291 0.819 41.529 0.196 -2751.927
-69.524 1.013 97.249 0.769 41.855 0.200 -3521.009
-67.790 0.942 95.339 0.778 42.260 0.200 -4775.321
-65.997 0.921 93.270 0.802 42.768 0.215 -7788.017
-64.137 0.982 91.382 0.715 43.386 0.268 -18421.732
-62.612 0.937 89.556 0.707 43.996 0.290 57288.155
-61.083 0.910 87.759 0.777 44.722 0.281 11363.688
-59.413 0.960 86.080 0.713 45.594 0.312 6498.634
-58.017 0.884 84.241 0.719 46.496 0.317 4427.962
-56.538 0.848 82.652 0.815 47.445 0.330 3474.141
-55.068 0.781 81.125 0.698 48.451 0.343 2879.931
-53.578 0.796 79.810 0.670 49.587 0.331 2511.511
---
-113.178 0.934 128.355 0.588 53.191 0.385 -716.003
-111.027 0.907 127.511 0.545 51.875 0.344 -729.659
-109.312 1.113 126.554 0.590 50.630 0.382 -745.991
-107.496 0.879 125.647 0.639 49.553 0.370 -762.364
-105.639 1.090 124.599 0.629 48.365 0.301 -782.448
-103.545 0.989 123.428 0.642 47.301 0.313 -806.523
-101.639 1.014 122.125 0.777 46.265 0.323 -835.525
-99.702 1.146 120.923 0.691 45.403 0.290 -864.593
-97.783 1.123 119.348 0.712 44.497 0.283 -906.512
-95.734 1.045 117.990 0.738 43.740 0.269 -946.707
-93.661 1.097 116.376 0.663 43.019 0.223 -1000.076
-91.504 1.137 114.685 0.661 42.383 0.211 -1063.880
-89.512 1.215 113.113 0.751 41.878 0.202 -1131.839
-87.390 1.093 111.288 0.810 41.421 0.198 -1223.763
-85.197 1.134 109.395 0.767 41.066 0.171 -1337.920
-83.239 1.042 107.543 0.821 40.800 0.167 -1474.030
-81.162 1.117 105.506 0.798 40.648 0.160 -1661.954
-79.117 1.037 103.474 0.765 40.563 0.148 -1906.807
-77.132 1.028 101.554 0.743 40.611 0.158 -2218.215
-75.169 1.019 99.361 0.761 40.724 0.164 -2731.695
-73.313 0.985 97.421 0.759 40.958 0.183 -3439.731
-71.396 0.998 95.320 0.822 41.283 0.200 -4791.670
-69.537 1.026 93.422 0.808 41.701 0.199 -7443.599
-67.840 0.900 91.384 0.703 42.193 0.221 -18391.767
-66.091 0.905 89.436 0.816 42.764 0.231 45129.605
-64.293 0.863 87.690 0.790 43.461 0.232 11022.660
-62.818 0.921 85.744 0.784 44.213 0.268 5986.196
-61.182 0.888 84.127 0.742 45.029 0.303 4341.734
-59.487 0.873 82.451 0.766 45.983 0.284 3382.145
-57.881 0.929 80.934 0.663 46.939 0.335 2819.558
-56.580 0.999 79.347 0.724 47.910 0.332 2403.365
-55.233 0.877 77.870 0.750 49.027 0.325 2114.397
---
-114.829 0.985 126.828 0.667 52.814 0.396 -741.230
-112.892 1.000 126.006 0.577 51.497 0.359 -755.787
-111.218 0.910 124.933 0.641 50.296 0.350 -775.903
-109.395 1.041 123.850 0.684 49.069 0.371 -797.636
-107.469 1.133 123.003 0.552 47.985 0.324 -815.709
-105.772 1.059 121.857 0.658 46.968 0.304 -841.783
-103.659 1.180 120.341 0.695 45.819 0.307 -879.542
-101.566 0.967 119.102 0.649 44.902 0.276 -913.505
-99.904 1.028 117.760 0.679 44.086 0.274 -953.906
-97.847 1.175 116.083 0.760 43.257 0.245 -1010.526
-95.561 1.105 114.725 0.688 42.566 0.219 -1062.268
-93.519 1.073 113.016 0.753 41.936 0.213 -1136.329
-91.391 1.176 111.313 0.805 41.400 0.205 -1222.431
-89.433 1.123 109.439 0.798 40.936 0.177 -1335.034
-87.272 1.127 107.489 0.785 40.556 0.162 -1478.454
-85.216 1.046 105.663 0.854 40.314 0.152 -1645.698
-83.230 1.071 103.662 0.855 40.140 0.137 -1881.104
-81.108 1.126 101.694 0.758 40.083 0.123 -2192.131
-79.122 1.017 99.624 0.827 40.106 0.127 -2657.577
-77.110 1.133 97.470 0.775 40.229 0.143 -3417.432
-75.207 0.979 95.536 0.852 40.470 0.147 -4605.622
-73.337 1.056 93.402 0.851 40.788 0.151 -7486.527
-71.287 0.990 91.490 0.772 41.242 0.173 -17081.632
-69.602 1.057 89.518 0.805 41.703 0.213 52768.017
-67.738 1.058 87.594 0.755 42.346 0.232 10581.652
-65.848 0.944 85.700 0.736 43.048 0.248 5926.298
-64.323 1.025 83.922 0.714 43.802 0.279 4196.168
-62.711 0.966 82.244 0.745 44.604 0.269 3292.348
-60.996 0.900 80.454 0.725 45.569 0.289 2679.156
-59.524 0.894 79.037 0.729 46.492 0.325 2336.327
-58.012 0.913 77.457 0.617 47.564 0.339 2045.882
-56.396 0.891 76.025 0.599 48.689 0.360 1839.747
---
-116.382 1.066 125.178 0.562 52.462 0.392 -771.191
-114.714 0.962 124.315 0.586 51.223 0.365 -788.127
-113.007 0.891 123.327 0.666 49.935 0.384 -808.675
-111.296 1.061 122.200 0.688 48.720 0.376 -833.778
-109.215 0.921 121.117 0.656 47.597 0.320 -859.743
-107.419 1.037 120.141 0.605 46.578 0.301 -884.843
-105.626 0.929 118.698 0.697 45.520 0.292 -925.268
-103.684 1.066 117.426 0.729 44.584 0.287 -964.618
-101.536 1.126 116.059 0.716 43.714 0.265 -1011.378
-99.636 1.100 114.499 0.716 42.917 0.242 -1071.443
-97.679 1.097 112.773 0.756 42.162 0.219 -1147.832
-95.595 1.123 111.121 0.730 41.549 0.180 -1233.026
-93.393 1.016 109.395 0.759 40.993 0.169 -1337.921
-91.610 1.139 107.620 0.813 40.552 0.164 -1467.812
-89.343 1.178 105.637 0.883 40.169 0.147 -1648.354
-87.311 1.059 103.595 0.792 39.888 0.115 -1890.127
-85.340 1.084 101.701 0.804 39.736 0.103 -2190.819
-83.305 1.054 99.746 0.866 39.668 0.101 -2624.527
-81.228 1.067 97.531 0.845 39.693 0.100 -3390.134
-79.065 1.164 95.656 0.813 39.852 0.119 -4507.773
-77.215 1.089 93.447 0.871 40.061 0.125 -7390.355
-75.316 1.066 91.488 0.835 40.379 0.150 -17105.275
-73.250 0.997 89.527 0.842 40.823 0.161 53864.538
-71.587 0.949 87.602 0.812 41.300 0.177 10618.275
-69.623 0.993 85.618 0.739 41.954 0.210 5815.462
-67.690 0.990 83.817 0.744 42.657 0.238 4124.874
-65.964 1.012 82.109 0.743 43.394 0.263 3236.142
-64.325 0.877 80.364 0.725 44.244 0.260 2654.415
-62.637 0.994 78.634 0.720 45.172 0.280 2254.385
-61.074 0.868 77.066 0.728 46.177 0.325 1984.962
-59.371 0.829 75.617 0.666 47.240 0.335 1788.592
-58.051 0.849 74.205 0.704 48.333 0.316 1632.328
---
-118.168 0.923 123.667 0.650 52.312 0.425 -801.450
-116.242 0.876 122.674 0.640 50.945 0.393 -822.997
-114.546 1.010 121.527 0.697 49.643 0.365 -849.678
-113.002 0.967 120.592 0.604 48.514 0.328 -873.028
-111.096 0.948 119.544 0.650 47.344 0.303 -901.038
-109.481 0.915 118.310 0.670 46.333 0.298 -936.873
-107.476 1.062 116.989 0.703 45.260 0.292 -979.030
-105.580 1.047 115.540 0.666 44.300 0.287 -1030.504
-103.628 0.985 114.110 0.775 43.433 0.242 -1087.659
-101.733 1.044 112.636 0.718 42.649 0.221 -1154.377
-99.672 1.030 110.894 0.865 41.877 0.218 -1245.791
-97.784 1.166 109.253 0.783 41.269 0.179 -1347.408
-95.578 1.211 107.477 0.784 40.707 0.163 -1479.390
-93.414 1.119 105.704 0.818 40.259 0.141 -1641.495
-91.354 1.139 103.841 0.805 39.898 0.115 -1857.174
-89.471 1.065 101.805 0.827 39.615 0.097 -2171.786
-87.278 1.139 99.800 0.834 39.446 0.081 -2610.212
-85.168 1.045 97.718 0.762 39.374 0.073 -3308.513
-83.211 1.000 95.685 0.899 39.410 0.071 -4485.022
-81.150 1.012 93.680 0.895 39.538 0.084 -6922.698
-79.076 1.175 91.482 0.787 39.780 0.111 -17173.531
-77.286 1.006 89.548 0.847 40.082 0.126 56319.017
-75.131 0.971 87.635 0.844 40.539 0.153 10769.127
-73.253 1.000 85.538 0.800 41.052 0.171 5710.635
-71.440 1.020 83.668 0.761 41.659 0.190 4028.510
-69.647 1.026 81.813 0.777 42.334 0.222 3120.105
-67.781 0.878 80.040 0.756 43.125 0.224 2568.704
-66.088 1.020 78.363 0.758 43.988 0.263 2202.687
-64.336 0.917 76.589 0.791 44.932 0.280 1915.563
-62.601 0.891 75.160 0.718 45.926 0.307 1734.783
-61.076 0.924 73.670 0.705 46.945 0.331 1580.196
-59.594 0.814 72.311 0.727 48.063 0.338 1462.207
---
-119.571 0.940 121.785 0.682 52.082 0.395 -843.493
-117.940 0.828 120.967 0.657 50.792 0.362 -863.494
-116.499 0.926 119.917 0.620 49.576 0.335 -890.824
-114.810 1.057 118.907 0.669 48.387 0.350 -919.134
-112.970 1.022 117.667 0.722 47.215 0.348 -956.871
-111.235 1.025 116.541 0.622 46.148 0.312 -994.336
-109.295 0.925 115.200 0.686 45.100 0.286 -1043.490
-107.413 1.039 113.751 0.694 44.135 0.261 -1103.149
-105.591 1.180 112.294 0.715 43.252 0.241 -1171.185
-103.570 1.096 110.719 0.799 42.439 0.222 -1255.846
-101.624 1.165 109.099 0.765 41.720 0.192 -1357.910
-99.652 1.108 107.363 0.785 41.089 0.180 -1488.807
-97.500 1.036 105.611 0.791 40.523 0.148 -1650.988
-95.640 1.048 103.731 0.794 40.066 0.125 -1871.800
-93.542 1.105 101.778 0.774 39.685 0.098 -2176.640
-91.470 1.098 99.761 0.876 39.413 0.081 -2620.511
-89.412 1.113 97.768 0.809 39.243 0.055 -3286.973
-87.320 1.201 95.643 0.779 39.170 0.042 -4518.861
-85.292 1.114 93.524 0.828 39.204 0.049 -7228.965
-83.211 1.036 91.590 0.845 39.338 0.066 -16016.782
-81.234 1.139 89.484 0.848 39.566 0.095 49377.671
-79.184 1.084 87.411 0.802 39.904 0.119 9837.680
-77.074 1.043 85.491 0.788 40.341 0.144 5652.118
-75.231 1.025 83.447 0.888 40.857 0.171 3893.022
-73.237 1.084 81.532 0.760 41.494 0.198 3017.333
-71.391 1.033 79.856 0.769 42.151 0.214 2522.578
-69.601 1.009 77.943 0.799 42.955 0.255 2126.972
-67.575 0.894 76.380 0.712 43.856 0.251 1886.788
-65.915 0.946 74.768 0.711 44.748 0.265 1691.049
-64.156 0.934 73.121 0.700 45.779 0.295 1530.232
-62.626 0.931 71.808 0.675 46.814 0.326 1423.138
-61.160 0.945 70.349 0.676 47.871 0.329 1321.161
---
-121.311 0.887 120.189 0.608 52.111 0.399 -883.563
-119.526 0.869 119.224 0.607 50.728 0.359 -910.018
-117.996 0.744 118.124 0.678 49.465 0.339 -942.545
-116.435 0.905 117.106 0.638 48.303 0.324 -975.128
-114.725 0.989 115.849 0.701 47.134 0.350 -1019.048
-113.068 1.020 114.657 0.630 46.042 0.317 -1064.993
-111.146 1.022 113.236 0.741 45.010 0.303 -1126.172
-109.408 0.905 111.870 0.776 44.049 0.268 -1192.757
-107.480 1.025 110.408 0.734 43.196 0.224 -1274.179
-105.587 1.088 108.773 0.774 42.348 0.230 -1380.554
-103.709 1.032 107.146 0.828 41.636 0.199 -1507.116
-101.631 1.145 105.373 0.727 40.981 0.165 -1675.988
-99.753 1.100 103.630 0.826 40.439 0.145 -1885.377
-97.626 1.133 101.696 0.762 39.957 0.119 -2191.756
-95.602 1.038 99.662 0.826 39.586 0.095 -2647.121
-93.486 1.243 97.764 0.813 39.317 0.067 -3288.768
-91.556 1.183 95.619 0.852 39.141 0.039 -4537.851
-89.386 1.132 93.657 0.927 39.072 0.016 -6966.245
-87.433 1.075 91.602 0.821 39.102 0.028 -15889.927
-85.388 1.058 89.501 0.802 39.233 0.054 51016.246
-83.126 1.168 87.433 0.799 39.481 0.083 9918.710
-81.300 1.116 85.295 0.833 39.809 0.119 5416.333
-79.140 0.979 83.437 0.866 40.238 0.144 3887.503
-77.166 1.046 81.434 0.799 40.757 0.170 2982.926
-75.273 0.985 79.720 0.821 41.350 0.198 2489.720
-73.245 0.939 77.935 0.874 42.062 0.220 2125.577
-71.372 0.954 76.117 0.742 42.861 0.232 1851.712
-69.459 0.950 74.345 0.720 43.734 0.262 1646.467
-67.769 1.009 72.808 0.752 44.647 0.289 1503.191
-66.141 1.054 71.359 0.705 45.613 0.294 1390.016
-64.298 0.984 69.854 0.727 46.726 0.309 1290.011
-62.544 0.872 68.523 0.706 47.876 0.316 1213.500
---
-122.689 0.706 118.318 0.621 52.003 0.345 -936.617
-121.183 0.820 117.425 0.658 50.723 0.333 -964.642
-119.698 0.997 116.286 0.683 49.492 0.357 -1003.283
-118.107 0.867 115.220 0.652 48.304 0.330 -1042.729
-116.427 1.051 114.080 0.675 47.146 0.319 -1088.930
-114.777 0.966 112.840 0.627 46.068 0.326 -1144.647
-113.070 0.918 111.328 0.707 45.007 0.277 -1221.564
-111.069 1.136 109.923 0.723 44.038 0.286 -1303.867
-109.526 0.981 108.310 0.739 43.188 0.260 -1414.247
-107.441 1.079 106.767 0.776 42.347 0.226 -1540.098
-105.633 1.065 105.157 0.754 41.637 0.199 -1699.280
-103.724 1.111 103.303 0.704 40.997 0.181 -1930.824
-101.725 1.123 101.560 0.856 40.434 0.146 -2217.044
-99.716 0.956 99.608 0.841 39.960 0.123 -2662.078
-97.695 1.105 97.646 0.820 39.591 0.094 -3339.205
-95.648 1.177 95.703 0.866 39.315 0.064 -4470.766
-93.565 1.187 93.562 0.832 39.143 0.038 -7152.025
-91.520 1.108 91.552 0.858 39.076 0.017 -16406.966
-89.504 1.137 89.581 0.843 39.104 0.029 60719.824
-87.221 1.157 87.391 0.820 39.246 0.056 9759.865
-85.103 1.068 85.414 0.868 39.480 0.084 5557.006
-83.271 1.099 83.284 0.843 39.812 0.114 3799.217
-81.153 1.043 81.334 0.915 40.248 0.141 2948.671
-79.064 1.050 79.374 0.843 40.787 0.169 2409.367
-77.157 1.109 77.620 0.783 41.378 0.186 2072.308
-75.383 0.988 75.636 0.743 42.081 0.201 1790.899
-73.284 1.113 73.983 0.743 42.897 0.241 1610.264
-71.333 1.003 72.426 0.752 43.722 0.258 1471.529
-69.628 0.972 70.940 0.736 44.633 0.277 1360.553
-67.599 0.974 69.317 0.743 45.697 0.279 1257.937
-66.086 0.962 67.913 0.667 46.727 0.292 1181.604
-64.332 0.944 66.674 0.700 47.863 0.315 1122.080
---
-124.106 0.842 116.650 0.677 52.065 0.409 -990.553
-122.671 0.880 115.683 0.655 50.806 0.379 -1025.168
-121.143 0.976 114.512 0.664 49.569 0.353 -1070.890
-119.665 0.925 113.302 0.662 48.380 0.350 -1123.184
-118.094 0.914 112.107 0.696 47.222 0.310 -1180.594
-116.607 0.917 110.823 0.710 46.179 0.284 -1249.870
-114.718 0.987 109.475 0.740 45.100 0.299 -1332.678
-113.040 1.030 107.937 0.692 44.146 0.273 -1442.699
-111.164 0.992 106.451 0.762 43.263 0.256 -1568.866
-109.407 0.978 104.752 0.747 42.446 0.215 -1744.815
-107.488 1.104 103.123 0.794 41.714 0.203 -1956.919
-105.527 1.054 101.310 0.774 41.074 0.175 -2265.518
-103.687 1.110 99.454 0.764 40.520 0.148 -2704.909
-101.801 1.113 97.538 0.839 40.066 0.125 -3386.833
-99.654 1.062 95.610 0.818 39.694 0.102 -4544.983
-97.560 1.086 93.553 0.844 39.419 0.077 -7168.582
-95.475 1.063 91.652 0.859 39.240 0.053 -15411.555
-93.561 1.098 89.438 0.863 39.182 0.046 45315.282
-91.421 1.120 87.413 0.849 39.212 0.052 9844.082
-89.463 1.082 85.309 0.852 39.349 0.072 5433.257
-87.367 1.161 83.318 0.844 39.580 0.095 3818.525
-85.313 1.126 81.328 0.795 39.908 0.118 2946.635
-83.242 1.087 79.302 0.793 40.341 0.140 2393.413
-81.182 1.076 77.375 0.873 40.866 0.179 2032.696
-79.228 1.054 75.471 0.725 41.483 0.182 1771.073
-77.097 1.024 73.779 0.753 42.183 0.213 1590.499
-75.346 1.117 72.036 0.809 42.938 0.247 1440.578
-73.406 1.073 70.373 0.746 43.811 0.242 1322.701
-71.365 1.026 68.951 0.737 44.739 0.273 1237.006
-69.553 1.030 67.521 0.743 45.746 0.296 1162.057
-67.841 0.945 66.071 0.764 46.800 0.333 1095.401
-65.868 1.012 64.585 0.733 48.008 0.338 1035.243
---
-125.601 0.756 114.930 0.641 52.324 0.355 -1054.060
-124.102 0.795 113.961 0.694 51.000 0.385 -1094.044
-122.752 0.874 112.785 0.647 49.753 0.372 -1147.270
-121.169 0.959 111.458 0.622 48.510 0.369 -1214.561
-119.532 0.965 110.328 0.651 47.414 0.341 -1278.969
-118.146 0.884 109.006 0.714 46.366 0.285 -1364.305
-116.296 0.995 107.534 0.741 45.267 0.283 -1474.759
-114.688 0.949 105.959 0.680 44.300 0.277 -1615.921
-113.030 0.936 104.447 0.729 43.458 0.241 -1780.822
-111.254 0.954 102.895 0.745 42.681 0.214 -1990.891
-109.578 1.048 101.123 0.772 41.951 0.205 -2303.090
-107.609 1.042 99.292 0.840 41.292 0.180 -2751.519
-105.696 0.938 97.387 0.835 40.732 0.157 -3455.815
-103.706 0.975 95.531 0.862 40.260 0.132 -4609.691
-101.736 1.091 93.504 0.781 39.902 0.120 -7269.750
-99.634 1.048 91.629 0.778 39.622 0.099 -15625.416
-97.593 1.085 89.476 0.846 39.453 0.077 48572.385
-95.497 1.074 87.358 0.776 39.383 0.075 9640.176
-93.600 1.068 85.365 0.901 39.421 0.080 5498.266
-91.379 1.045 83.223 0.846 39.559 0.094 3764.910
-89.224 1.072 81.281 0.811 39.781 0.106 2930.883
-87.402 1.195 79.260 0.823 40.108 0.131 2384.096
-85.211 1.163 77.166 0.782 40.571 0.149 2000.224
-83.364 1.161 75.404 0.829 41.061 0.180 1763.088
-81.094 1.005 73.691 0.785 41.652 0.190 1582.143
-79.096 1.113 71.854 0.760 42.384 0.216 1426.593
-77.146 1.063 70.075 0.798 43.143 0.249 1303.765
-75.125 1.025 68.429 0.736 44.047 0.262 1208.451
-73.270 1.049 67.029 0.706 44.926 0.269 1138.453
-71.379 1.015 65.508 0.755 45.924 0.306 1071.730
-69.685 0.887 64.178 0.730 46.971 0.317 1020.015
-68.020 1.081 62.869 0.732 48.124 0.366 974.284
---
-127.011 0.840 113.104 0.656 52.559 0.388 -1132.237
-125.551 0.762 111.917 0.592 51.204 0.369 -1190.294
-124.130 0.765 110.854 0.638 49.948 0.330 -1248.060
-122.594 0.926 109.755 0.651 48.758 0.340 -1314.471
-121.091 0.913 108.415 0.700 47.645 0.333 -1406.480
-119.662 0.871 107.069 0.763 46.579 0.310 -1513.670
-117.925 0.907 105.545 0.727 45.536 0.277 -1657.872
-116.438 0.905 104.164 0.732 44.618 0.262 -1815.723
-114.719 0.921 102.502 0.740 43.726 0.250 -2052.446
-112.923 0.886 100.921 0.767 42.960 0.232 -2345.231
-111.046 1.006 99.157 0.735 42.177 0.223 -2791.808
-109.372 1.013 97.270 0.794 41.555 0.191 -3511.012
-107.349 1.078 95.402 0.785 41.002 0.171 -4719.824
-105.667 1.048 93.553 0.805 40.573 0.159 -7168.932
-103.780 1.090 91.522 0.839 40.217 0.131 -16722.361
-101.633 1.068 89.424 0.873 39.931 0.120 44189.544
-99.602 1.087 87.384 0.864 39.752 0.105 9734.838
-97.724 1.232 85.464 0.859 39.698 0.105 5618.489
-95.565 1.118 83.303 0.878 39.721 0.109 3809.784
-93.529 1.093 81.277 0.782 39.853 0.104 2929.699
-91.445 1.135 79.257 0.879 40.085 0.139 2383.586
-89.459 1.032 77.224 0.825 40.423 0.149 2009.195
-87.474 1.113 75.195 0.775 40.865 0.160 1738.691
-85.269 1.053 73.442 0.819 41.354 0.193 1559.028
-83.184 1.121 71.604 0.776 41.968 0.206 1407.873
-81.359 1.095 69.861 0.890 42.654 0.258 1290.429
-78.940 1.030 68.295 0.777 43.405 0.257 1201.365
-77.174 0.966 66.654 0.729 44.264 0.270 1121.180
-75.082 1.041 65.082 0.766 45.204 0.309 1054.549
-73.267 0.910 63.740 0.746 46.167 0.321 1004.197
-71.472 1.065 62.383 0.655 47.237 0.327 958.447
-69.671 0.998 61.256 0.683 48.322 0.322 923.899
---
-128.027 0.706 111.398 0.594 52.758 0.397 -1217.759
-126.875 0.834 110.257 0.633 51.569 0.361 -1283.255
-125.567 0.779 109.183 0.688 50.328 0.388 -1352.187
-124.233 0.891 107.785 0.728 49.092 0.347 -1454.615
-122.617 0.816 106.506 0.710 47.980 0.308 -1563.778
-121.328 0.886 105.051 0.607 46.905 0.320 -1710.932
-119.722 0.917 103.732 0.698 45.900 0.314 -1871.672
-118.037 0.971 102.124 0.730 44.975 0.281 -2115.511
-116.415 1.010 100.555 0.737 44.113 0.277 -2425.535
-114.736 0.947 98.843 0.808 43.307 0.243 -2890.073
-113.079 0.936 97.070 0.781 42.618 0.236 -3609.959
-111.167 1.026 95.232 0.793 41.951 0.206 -4872.572
-109.449 1.046 93.477 0.843 41.429 0.182 -7325.437
-107.412 1.046 91.438 0.816 40.955 0.165 -17704.291
-105.829 1.015 89.576 0.812 40.625 0.151 59975.022
-103.540 1.086 87.391 0.851 40.336 0.141 9760.510
-101.617 1.129 85.423 0.822 40.152 0.134 5567.634
-99.845 1.095 83.416 0.834 40.106 0.127 3874.850
-97.536 1.161 81.317 0.832 40.126 0.136 2943.039
-95.622 1.108 79.298 0.852 40.262 0.136 2392.575
-93.566 1.140 77.280 0.847 40.490 0.159 2017.793
-91.477 1.098 75.293 0.796 40.818 0.166 1750.064
-89.530 1.184 73.379 0.846 41.231 0.198 1553.293
-87.414 1.084 71.449 0.824 41.752 0.205 1396.519
-85.214 1.182 69.640 0.751 42.365 0.229 1277.024
-83.254 1.064 68.027 0.798 43.017 0.251 1187.406
-81.192 1.056 66.336 0.773 43.790 0.261 1106.972
-79.136 1.089 64.781 0.710 44.634 0.268 1042.763
-77.295 1.113 63.273 0.625 45.547 0.260 987.908
-75.091 1.045 61.952 0.692 46.540 0.326 944.905
-73.474 1.103 60.487 0.693 47.579 0.330 901.914
-71.403 0.956 59.334 0.648 48.700 0.355 871.118
---
-129.384 0.735 109.566 0.670 53.161 0.393 -1326.689
-128.244 0.795 108.549 0.560 51.917 0.349 -1396.687
-126.899 0.848 107.269 0.622 50.644 0.341 -1496.701
-125.592 0.768 105.907 0.612 49.509 0.360 -1621.110
-124.185 0.864 104.737 0.674 48.416 0.363 -1746.620
-122.766 0.851 103.211 0.695 47.377 0.334 -1944.078
-121.211 0.873 101.836 0.732 46.356 0.314 -2166.078
-119.702 0.989 100.317 0.700 45.431 0.304 -2480.732
-118.105 0.949 98.675 0.721 44.584 0.289 -2945.807
-116.477 0.958 96.903 0.821 43.784 0.243 -3696.750
-114.783 0.935 95.134 0.810 43.084 0.249 -4965.040
-112.913 1.036 93.328 0.748 42.430 0.231 -7652.914
-111.280 0.953 91.426 0.833 41.895 0.192 -17859.293
-109.275 1.009 89.388 0.790 41.431 0.187 41570.771
-107.475 0.997 87.460 0.844 41.089 0.176 10025.616
-105.513 0.980 85.503 0.841 40.816 0.169 5666.662
-103.760 1.057 83.615 0.803 40.643 0.161 3995.305
-101.842 1.188 81.476 0.780 40.601 0.155 2997.329
-99.614 1.139 79.429 0.816 40.612 0.162 2421.953
-97.575 1.111 77.365 0.785 40.749 0.157 2031.181
-95.676 1.118 75.347 0.807 40.981 0.175 1756.411
-93.664 0.961 73.392 0.768 41.303 0.184 1554.480
-91.575 1.123 71.540 0.781 41.716 0.204 1403.175
-89.434 1.113 69.674 0.783 42.220 0.212 1279.048
-87.290 1.069 67.814 0.755 42.833 0.241 1176.617
-85.333 1.072 66.155 0.798 43.492 0.263 1099.017
-83.114 1.075 64.524 0.691 44.259 0.258 1032.930
-81.226 1.166 62.947 0.820 45.093 0.310 976.889
-79.054 1.057 61.530 0.638 46.010 0.289 932.027
-77.281 0.955 60.183 0.668 46.947 0.292 893.540
-75.275 0.950 58.878 0.702 48.000 0.333 859.605
-73.296 1.201 57.670 0.650 49.139 0.350 830.781
---
-130.854 0.597 107.889 0.679 53.713 0.343 -1446.390
-129.303 0.768 106.638 0.605 52.312 0.374 -1551.697
-128.199 0.804 105.462 0.633 51.143 0.374 -1666.497
-126.818 0.809 104.305 0.645 49.974 0.374 -1798.197
-125.439 0.763 102.840 0.729 48.875 0.336 -1999.294
-124.267 0.832 101.398 0.673 47.911 0.339 -2248.309
-122.878 0.930 100.045 0.732 46.870 0.314 -2547.154
-121.083 0.840 98.440 0.637 45.907 0.315 -3027.010
-119.605 0.909 96.734 0.739 45.067 0.279 -3789.282
-118.096 0.961 95.074 0.768 44.339 0.273 -5023.971
-116.430 0.908 93.326 0.755 43.607 0.245 -7657.827
-114.869 0.953 91.262 0.715 43.016 0.254 -20171.411
-112.974 0.992 89.563 0.759 42.470 0.230 58205.580
-111.155 1.041 87.639 0.746 42.010 0.220 10783.176
-109.372 1.031 85.545 0.784 41.688 0.196 5719.702
-107.444 1.108 83.599 0.831 41.402 0.205 3985.002
-105.472 1.081 81.440 0.840 41.251 0.188 2985.133
-103.662 0.970 79.544 0.826 41.185 0.183 2448.128
-101.611 1.063 77.453 0.816 41.219 0.188 2045.223
-99.677 1.156 75.433 0.785 41.366 0.190 1766.505
-97.817 1.082 73.544 0.833 41.566 0.203 1568.451
-95.609 1.084 71.645 0.777 41.871 0.219 1410.879
-93.623 1.097 69.783 0.776 42.261 0.217 1285.707
-91.483 1.148 67.935 0.792 42.768 0.234 1182.705
-89.399 1.129 66.125 0.728 43.360 0.245 1097.736
-87.397 1.089 64.418 0.725 44.038 0.256 1028.947
-85.175 1.225 62.750 0.703 44.812 0.256 970.345
-83.412 1.223 61.259 0.625 45.613 0.247 924.001
-81.146 1.115 59.864 0.746 46.502 0.331 884.969
-79.234 1.050 58.495 0.668 47.502 0.307 850.212
-77.326 1.009 56.994 0.607 48.548 0.322 815.637
-75.144 1.147 56.005 0.660 49.620 0.348 794.650
---
-131.700 0.763 106.036 0.580 54.078 0.414 -1608.330
-130.707 0.696 105.089 0.652 52.930 0.338 -1706.779
-129.456 0.742 103.736 0.665 51.710 0.334 -1871.135
-128.250 0.709 102.386 0.673 50.542 0.351 -2071.399
-126.749 0.797 100.884 0.598 49.425 0.353 -2353.006
-125.570 0.839 99.583 0.649 48.429 0.360 -2668.889
-123.970 0.861 98.051 0.673 47.376 0.337 -3172.170
-122.621 0.792 96.597 0.653 46.515 0.297 -3867.209
-121.305 0.850 94.881 0.704 45.734 0.299 -5221.280
-119.563 0.874 93.186 0.721 44.942 0.313 -7993.878
-118.041 0.930 91.378 0.715 44.264 0.275 -18469.965
-116.354 0.917 89.545 0.712 43.640 0.263 55910.992
-114.672 1.025 87.675 0.753 43.101 0.244 10949.739
-112.930 0.950 85.651 0.824 42.665 0.229 5858.768
-111.151 0.927 83.789 0.838 42.333 0.234 4106.377
-109.288 0.919 81.756 0.824 42.086 0.224 3098.497
-107.637 1.094 79.727 0.716 41.933 0.223 2491.362
-105.518 0.999 77.660 0.733 41.863 0.192 2079.014
-103.631 1.056 75.680 0.853 41.884 0.216 1796.327
-101.571 1.067 73.786 0.814 41.997 0.222 1591.233
-99.654 1.107 71.818 0.731 42.210 0.222 1423.836
-97.723 1.069 69.805 0.734 42.559 0.215 1287.015
-95.621 1.124 67.923 0.761 42.944 0.238 1182.098
-93.467 1.054 66.060 0.775 43.466 0.250 1094.930
-91.662 1.062 64.331 0.718 44.056 0.259 1025.694
-89.600 1.186 62.801 0.672 44.659 0.265 972.031
-87.386 1.178 61.127 0.676 45.428 0.291 920.112
-85.299 1.167 59.609 0.661 46.254 0.282 878.238
-83.048 1.011 58.241 0.705 47.114 0.346 844.116
-81.269 1.170 56.806 0.662 48.068 0.334 811.538
-79.276 1.113 55.701 0.677 49.002 0.362 788.440
-77.219 1.022 54.454 0.657 50.173 0.365 764.248
---
-132.907 0.618 104.463 0.558 54.739 0.412 -1778.918
-131.730 0.723 103.371 0.620 53.450 0.387 -1921.267
-130.661 0.717 101.980 0.676 52.334 0.379 -2140.501
-129.491 0.789 100.695 0.625 51.224 0.373 -2394.015
-128.158 0.665 99.293 0.678 50.107 0.322 -2751.288
-126.795 0.784 97.741 0.746 49.099 0.349 -3298.368
-125.636 0.718 96.309 0.719 48.166 0.318 -4042.800
-123.961 0.865 94.714 0.654 47.188 0.335 -5406.568
-122.595 0.900 93.113 0.687 46.398 0.303 -8181.621
-121.148 0.880 91.412 0.739 45.636 0.289 -18028.414
-119.604 0.876 89.595 0.768 44.972 0.297 62893.474
-117.958 0.917 87.698 0.732 44.345 0.270 11059.271
-116.518 0.983 85.859 0.710 43.881 0.278 6153.162
-114.727 0.984 83.909 0.756 43.437 0.264 4187.559
-112.955 0.951 81.990 0.819 43.077 0.244 3188.599
-111.065 1.087 79.933 0.785 42.829 0.229 2541.765
-109.328 0.968 77.881 0.883 42.688 0.232 2116.304
-107.550 1.093 75.881 0.667 42.637 0.220 1821.437
-105.600 1.078 73.992 0.820 42.656 0.231 1611.162
-103.608 1.079 71.903 0.795 42.782 0.241 1430.366
-101.639 1.128 70.129 0.710 42.956 0.242 1307.151
-99.765 1.139 68.105 0.804 43.297 0.251 1191.471
-97.670 1.074 66.270 0.772 43.693 0.264 1104.072
-95.657 1.156 64.450 0.652 44.188 0.263 1030.156
-93.766 1.082 62.754 0.659 44.742 0.254 970.474
-91.584 1.153 61.072 0.720 45.414 0.308 918.522
-89.467 1.263 59.608 0.739 46.109 0.315 878.203
-87.373 1.176 58.016 0.605 46.940 0.290 838.804
-85.308 1.074 56.522 0.661 47.846 0.315 805.449
-83.337 1.068 55.242 0.721 48.752 0.357 779.330
-81.402 1.163 54.058 0.670 49.748 0.348 756.940
-79.297 1.039 52.918 0.572 50.784 0.351 736.862
---
-134.066 0.700 102.817 0.512 55.394 0.379 -2002.889
-133.003 0.665 101.605 0.630 54.145 0.395 -2208.739
-131.683 0.744 100.296 0.620 53.013 0.402 -2485.909
-130.624 0.668 99.082 0.669 51.913 0.357 -2814.607
-129.469 0.849 97.672 0.576 50.891 0.390 -3327.850
-128.176 0.778 96.034 0.689 49.793 0.362 -4226.634
-126.781 0.772 94.523 0.725 48.858 0.338 -5633.726
-125.278 0.772 93.071 0.685 47.892 0.321 -8292.205
-124.158 0.895 91.239 0.665 47.179 0.346 -20545.853
-122.621 0.931 89.620 0.707 46.426 0.315 66941.113
-121.121 0.834 87.737 0.743 45.739 0.271 11249.479
-119.639 0.826 85.890 0.718 45.200 0.271 6198.716
-117.973 1.005 84.000 0.731 44.638 0.300 4250.790
-116.463 0.964 82.092 0.737 44.281 0.279 3229.374
-114.773 0.936 80.166 0.737 43.968 0.277 2601.432
-113.113 1.006 78.187 0.738 43.699 0.270 2170.382
-111.185 1.038 76.173 0.808 43.537 0.253 1859.111
-109.262 1.043 74.212 0.792 43.443 0.254 1632.998
-107.327 1.050 72.294 0.741 43.479 0.254 1460.882
-105.555 0.958 70.367 0.787 43.603 0.264 1322.377
-103.630 1.125 68.400 0.712 43.815 0.257 1206.914
-101.850 1.112 66.525 0.683 44.143 0.260 1115.362
-99.675 1.154 64.611 0.698 44.540 0.271 1036.246
-97.683 1.070 62.894 0.732 44.983 0.282 975.112
-95.501 1.091 61.130 0.765 45.549 0.310 920.205
-93.585 1.083 59.530 0.673 46.194 0.282 876.183
-91.367 0.980 58.053 0.671 46.871 0.337 839.679
-89.227 1.066 56.579 0.661 47.663 0.327 806.673
-87.390 1.197 55.185 0.681 48.550 0.322 778.215
-85.201 1.009 53.873 0.696 49.444 0.373 753.590
-83.182 1.108 52.592 0.575 50.471 0.327 731.378
-81.080 1.111 51.481 0.657 51.470 0.412 713.415
---
-135.074 0.726 101.183 0.571 56.131 0.454 -2290.882
-133.906 0.660 100.003 0.526 54.861 0.413 -2557.919
-132.966 0.784 98.575 0.549 53.785 0.431 -2979.906
-131.827 0.754 97.244 0.603 52.631 0.409 -3523.752
-130.508 0.860 95.765 0.630 51.555 0.365 -4423.134
-129.436 0.705 94.380 0.617 50.659 0.343 -5817.479
-128.122 0.825 92.840 0.624 49.673 0.370 -8968.465
-126.837 0.745 91.263 0.741 48.834 0.313 -20156.652
-125.458 0.775 89.551 0.711 48.024 0.300 56674.422
-124.130 0.849 87.842 0.770 47.313 0.311 11797.363
-122.806 0.926 86.024 0.704 46.671 0.309 6407.794
-121.150 0.910 84.335 0.635 46.030 0.332 4500.729
-119.732 0.914 82.355 0.639 45.612 0.302 3339.621
-118.056 0.918 80.551 0.728 45.158 0.286 2706.214
-116.609 0.967 78.548 0.730 44.854 0.296 2237.812
-114.874 0.991 76.612 0.680 44.615 0.249 1918.890
-112.973 1.027 74.634 0.721 44.451 0.295 1676.657
-111.296 0.958 72.593 0.783 44.402 0.281 1485.143
-109.378 0.965 70.838 0.793 44.364 0.285 1353.608
-107.478 0.955 68.752 0.769 44.525 0.271 1225.950
-105.666 1.003 66.826 0.685 44.748 0.263 1129.047
-103.586 1.079 65.069 0.698 44.979 0.280 1054.041
-101.800 1.227 63.239 0.757 45.409 0.300 986.726
-99.681 1.058 61.517 0.720 45.854 0.321 931.640
-97.827 1.061 59.780 0.718 46.408 0.304 882.747
-95.519 1.089 58.179 0.665 47.019 0.298 842.639
-93.509 1.140 56.575 0.672 47.755 0.341 806.572
-91.472 1.072 55.029 0.728 48.593 0.373 775.172
-89.411 1.054 53.840 0.640 49.357 0.354 752.990
-87.224 1.080 52.501 0.670 50.267 0.371 729.852
-85.359 1.097 51.152 0.677 51.243 0.374 708.323
-83.204 1.112 50.126 0.647 52.241 0.393 693.032
---
-136.094 0.660 99.551 0.628 56.864 0.369 -2677.640
-135.044 0.671 98.413 0.566 55.699 0.439 -3036.798
-134.029 0.621 97.155 0.592 54.608 0.403 -3567.260
-132.846 0.654 95.664 0.532 53.397 0.418 -4501.946
-131.859 0.609 94.078 0.593 52.505 0.387 -6247.547
-130.708 0.824 92.752 0.656 51.495 0.365 -9254.881
-129.428 0.744 91.180 0.765 50.576 0.328 -21581.473
-128.298 0.757 89.673 0.673 49.734 0.339 77860.723
-126.864 0.747 87.888 0.745 48.932 0.328 12055.971
-125.531 0.823 86.279 0.625 48.169 0.358 6845.781
-124.272 0.796 84.578 0.654 47.599 0.311 4702.153
-122.581 0.891 82.535 0.740 46.991 0.320 3419.876
-121.210 0.857 80.877 0.708 46.535 0.290 2802.224
-119.651 0.854 78.875 0.755 46.152 0.305 2302.584
-118.025 0.873 76.872 0.724 45.794 0.276 1956.105
-116.393 0.964 75.021 0.776 45.564 0.313 1718.975
-114.613 0.995 73.110 0.688 45.407 0.292 1529.212
-113.031 1.026 71.101 0.716 45.350 0.287 1371.710
-111.265 0.951 69.113 0.716 45.404 0.280 1246.199
-109.545 1.008 67.335 0.713 45.525 0.291 1153.014
-107.715 1.047 65.368 0.672 45.744 0.292 1065.988
-105.696 0.986 63.564 0.719 46.031 0.308 997.993
-103.639 1.074 61.719 0.677 46.410 0.335 937.751
-101.661 1.154 60.127 0.680 46.805 0.325 892.015
-99.665 1.034 58.347 0.695 47.365 0.334 846.650
-97.743 1.141 56.672 0.681 48.004 0.355 808.648
-95.508 1.120 55.306 0.599 48.630 0.315 780.580
-93.462 1.158 53.810 0.629 49.413 0.321 752.457
-91.417 1.170 52.485 0.638 50.242 0.343 729.593
-89.321 1.230 51.114 0.578 51.128 0.383 707.742
-87.396 1.138 49.965 0.604 52.075 0.355 690.704
-85.088 0.994 48.861 0.621 53.081 0.433 675.348
---
-137.121 0.622 98.076 0.503 57.785 0.464 -3162.721
-135.992 0.598 96.825 0.674 56.511 0.421 -3738.649
-135.114 0.606 95.420 0.612 55.387 0.426 -4704.017
-134.048 0.708 94.266 0.526 54.430 0.379 -5972.347
-132.926 0.736 92.729 0.618 53.389 0.398 -9330.071
-131.836 0.686 91.105 0.627 52.433 0.361 -23040.210
-130.622 0.801 89.615 0.625 51.478 0.408 66090.230
-129.529 0.881 88.066 0.621 50.697 0.393 13166.021
-128.144 0.742 86.337 0.759 49.885 0.305 6953.712
-126.872 0.789 84.561 0.646 49.191 0.349 4687.492
-125.346 0.912 82.822 0.676 48.517 0.377 3555.964
-124.212 0.842 81.083 0.651 48.038 0.351 2866.374
-122.687 0.935 79.263 0.708 47.583 0.329 2384.840
-121.111 0.847 77.274 0.668 47.157 0.321 2016.831
-119.614 0.859 75.454 0.729 46.857 0.313 1768.980
-118.172 0.954 73.592 0.725 46.616 0.319 1572.908
-116.309 0.951 71.655 0.715 46.451 0.325 1411.680
-114.687 0.966 69.669 0.645 46.371 0.298 1278.796
-112.859 1.056 67.806 0.708 46.395 0.307 1176.178
-111.186 0.995 65.928 0.739 46.544 0.326 1089.264
-109.239 0.955 64.155 0.715 46.683 0.295 1019.188
-107.608 1.011 62.136 0.707 47.087 0.321 950.621
-105.688 1.119 60.380 0.709 47.425 0.318 898.944
-103.456 1.134 58.614 0.692 47.848 0.324 853.107
-101.615 1.149 57.226 0.657 48.272 0.299 820.760
-99.600 1.200 55.511 0.638 48.974 0.340 784.635
-97.669 1.162 54.096 0.658 49.600 0.351 757.629
-95.619 1.066 52.582 0.532 50.363 0.346 731.211
-93.569 0.936 51.085 0.673 51.257 0.385 707.289
-91.358 1.160 49.904 0.592 52.065 0.383 689.831
-89.333 1.176 48.745 0.617 52.956 0.399 673.786
-87.425 1.137 47.600 0.582 53.964 0.390 658.901
---
-138.148 0.569 96.477 0.548 58.709 0.440 -3938.587
-137.224 0.539 95.295 0.620 57.513 0.406 -4814.406
-135.955 0.679 94.004 0.605 56.278 0.347 -6362.589
-135.045 0.729 92.565 0.527 55.331 0.462 -9928.641
-134.173 0.645 91.053 0.594 54.361 0.387 -24169.625
-133.041 0.792 89.643 0.647 53.464 0.405 71210.175
-131.827 0.799 88.233 0.540 52.499 0.417 14408.672
-130.675 0.752 86.481 0.648 51.658 0.350 7238.859
-129.428 0.756 84.734 0.703 50.983 0.363 4840.934
-128.130 0.730 83.168 0.669 50.248 0.375 3734.949
-127.006 0.698 81.324 0.673 49.659 0.326 2945.452
-125.635 0.853 79.525 0.702 49.188 0.342 2443.834
-124.145 0.806 77.658 0.703 48.650 0.344 2078.630
-122.606 0.931 75.966 0.602 48.205 0.353 1832.163
-121.312 0.942 73.981 0.702 47.980 0.363 1610.036
-119.637 0.866 72.003 0.723 47.737 0.313 1438.007
-118.014 1.045 70.305 0.687 47.561 0.326 1318.351
-116.348 1.001 68.294 0.664 47.502 0.327 1201.316
-114.513 0.942 66.473 0.701 47.495 0.329 1113.009
-112.918 0.995 64.542 0.696 47.659 0.334 1033.604
-111.432 0.988 62.839 0.617 47.836 0.311 973.281
-109.197 0.978 60.941 0.669 48.093 0.344 914.753
-107.539 0.931 59.077 0.639 48.564 0.326 864.578
-105.665 1.083 57.559 0.691 48.907 0.359 828.252
-103.503 0.975 55.986 0.699 49.383 0.381 794.247
-101.712 0.976 54.370 0.699 50.045 0.382 762.676
-99.935 1.028 52.890 0.639 50.629 0.340 736.399
-97.794 1.207 51.380 0.544 51.405 0.323 711.840
-95.712 1.056 50.079 0.567 52.191 0.341 692.351
-93.573 1.157 48.812 0.563 53.062 0.376 674.678
-91.462 1.060 47.647 0.618 53.890 0.405 659.494
-89.292 1.099 46.437 0.562 55.014 0.384 644.700
---
-138.982 0.520 95.065 0.512 59.642 0.449 -5032.812
-138.137 0.737 93.894 0.619 58.541 0.437 -6541.729
-137.105 0.581 92.356 0.570 57.431 0.417 -10806.897
-136.082 0.619 91.045 0.602 56.297 0.393 -24372.355
-135.086 0.627 89.563 0.638 55.362 0.400 58192.767
-134.108 0.684 88.150 0.594 54.476 0.400 13759.528
-132.904 0.749 86.609 0.596 53.500 0.384 7512.391
-131.848 0.732 85.014 0.627 52.774 0.394 5112.413
-130.601 0.751 83.352 0.705 52.003 0.374 3837.707
-129.333 0.706 81.597 0.705 51.324 0.355 3040.281
-128.166 0.710 79.987 0.675 50.722 0.346 2555.314
-126.707 0.706 78.158 0.644 50.165 0.356 2165.022
-125.587 0.808 76.352 0.706 49.783 0.352 1883.013
-124.150 0.849 74.514 0.675 49.369 0.356 1663.985
-122.607 0.912 72.585 0.669 49.094 0.355 1484.533
-121.244 0.946 70.777 0.660 48.906 0.348 1349.448
-119.654 0.990 68.857 0.602 48.730 0.357 1231.795
-118.047 0.909 67.056 0.655 48.721 0.364 1139.704
-116.400 0.923 65.288 0.666 48.669 0.328 1062.767
-114.682 1.028 63.381 0.674 48.786 0.353 991.634
-113.090 0.881 61.553 0.716 49.031 0.351 932.722
-111.243 0.973 59.637 0.611 49.296 0.338 878.985
-109.344 1.071 58.108 0.646 49.636 0.361 840.964
-107.511 1.124 56.420 0.612 50.072 0.356 803.291
-105.535 1.118 54.794 0.573 50.545 0.344 770.656
-103.555 1.149 53.211 0.655 51.128 0.380 741.898
-101.789 0.956 51.762 0.626 51.715 0.403 717.859
-99.631 0.948 50.377 0.599 52.499 0.382 696.684
-97.620 1.040 48.916 0.594 53.315 0.400 676.088
-95.496 1.111 47.788 0.622 54.048 0.407 661.281
-93.468 1.109 46.435 0.586 55.096 0.421 644.682
-91.558 1.003 45.532 0.555 55.907 0.404 634.247
