phi std_phi theta std_theta rho std_rho effective thickness
---
210.779 0.769 101.204 0.441 61.365 0.321 -2286.564
211.435 0.677 102.920 0.504 60.614 0.365 -1987.134
211.936 0.670 104.600 0.555 59.993 0.364 -1762.653
212.742 0.690 106.295 0.546 59.446 0.369 -1583.529
213.284 0.826 108.059 0.523 58.918 0.351 -1433.220
213.957 0.754 109.838 0.530 58.407 0.367 -1309.233
214.895 0.699 111.732 0.570 58.049 0.364 -1199.934
215.508 0.898 113.547 0.528 57.657 0.331 -1112.119
216.244 0.692 115.364 0.579 57.365 0.280 -1037.197
217.092 0.788 116.954 0.608 57.241 0.306 -980.189
217.888 0.799 119.012 0.658 57.021 0.299 -916.083
218.462 0.853 120.846 0.621 56.900 0.324 -866.530
219.713 0.732 122.567 0.621 56.978 0.341 -825.397
220.502 0.893 124.366 0.604 57.061 0.307 -787.097
221.345 0.860 126.339 0.653 57.154 0.325 -749.796
222.366 0.727 128.267 0.690 57.363 0.299 -717.390
223.507 0.835 129.686 0.659 57.676 0.324 -695.758
224.440 0.914 131.561 0.610 58.010 0.349 -669.711
225.621 0.773 133.304 0.744 58.413 0.290 -647.794
226.804 0.997 134.799 0.579 58.955 0.334 -630.553
228.134 1.026 136.624 0.595 59.533 0.387 -611.261
229.232 0.940 138.098 0.688 60.046 0.348 -596.945
230.517 0.928 139.661 0.663 60.725 0.341 -582.894
232.060 1.000 141.154 0.630 61.522 0.382 -570.467
233.396 1.084 142.523 0.571 62.223 0.416 -559.856
234.908 0.946 143.844 0.582 63.080 0.328 -550.273
236.435 1.154 145.177 0.627 64.007 0.381 -541.220
238.014 1.015 146.290 0.587 64.955 0.401 -534.109
239.160 1.028 147.570 0.590 65.764 0.403 -526.393
241.251 0.983 148.652 0.617 66.907 0.353 -520.241
242.952 0.820 149.928 0.551 67.867 0.388 -513.408
244.568 0.968 150.854 0.558 69.025 0.425 -508.712
---
209.309 0.666 101.430 0.463 60.437 0.335 -2242.012
209.674 0.714 103.092 0.515 59.684 0.329 -1961.496
210.358 0.775 104.852 0.544 59.073 0.345 -1733.346
210.950 0.768 106.616 0.493 58.407 0.350 -1553.769
211.634 0.781 108.369 0.502 57.904 0.319 -1409.875
212.293 0.685 110.164 0.566 57.402 0.315 -1288.912
212.905 0.784 112.010 0.584 56.965 0.315 -1185.529
213.527 0.796 113.782 0.562 56.627 0.292 -1101.774
214.464 0.813 115.716 0.589 56.336 0.298 -1023.941
215.178 0.841 117.644 0.574 56.129 0.309 -957.605
215.923 0.830 119.567 0.628 55.958 0.290 -900.425
216.710 0.840 121.413 0.662 55.867 0.293 -852.460
217.623 0.872 123.420 0.562 55.915 0.295 -806.686
218.538 0.813 125.196 0.569 55.919 0.321 -770.850
219.636 0.944 127.001 0.602 56.151 0.308 -738.242
220.504 0.925 129.013 0.660 56.315 0.323 -705.810
221.398 0.854 130.655 0.638 56.625 0.298 -681.966
222.470 0.984 132.536 0.654 56.952 0.316 -657.202
223.726 0.915 134.213 0.647 57.405 0.321 -637.150
224.738 1.033 135.840 0.740 57.834 0.300 -619.325
226.083 0.952 137.678 0.668 58.440 0.309 -600.912
227.272 0.940 138.959 0.641 59.028 0.347 -589.068
228.534 0.976 140.737 0.666 59.753 0.316 -573.846
229.993 1.069 142.307 0.698 60.483 0.387 -561.480
231.398 1.058 143.538 0.679 61.219 0.363 -552.442
233.057 1.058 144.943 0.536 62.147 0.360 -542.767
234.393 1.045 146.434 0.631 62.989 0.373 -533.213
236.170 0.989 147.569 0.672 63.954 0.366 -526.398
237.989 1.203 148.896 0.538 64.966 0.387 -518.900
239.275 1.070 150.104 0.591 65.845 0.323 -512.497
241.270 1.187 151.199 0.532 67.066 0.423 -507.018
243.048 1.130 152.209 0.535 68.117 0.411 -502.231
---
207.495 0.700 101.574 0.530 59.481 0.365 -2214.523
208.047 0.705 103.312 0.584 58.724 0.335 -1929.625
208.654 0.746 105.094 0.521 58.082 0.327 -1706.188
209.285 0.663 106.846 0.501 57.476 0.296 -1533.091
209.712 0.753 108.803 0.631 56.843 0.342 -1378.473
210.445 0.752 110.595 0.574 56.373 0.275 -1263.106
211.072 0.731 112.573 0.632 55.909 0.288 -1157.457
211.645 0.785 114.327 0.534 55.596 0.312 -1078.558
212.477 0.826 116.439 0.527 55.298 0.265 -997.875
213.204 0.857 117.999 0.589 55.134 0.253 -946.420
214.059 0.948 120.255 0.626 54.960 0.292 -881.823
214.869 0.966 122.046 0.627 54.905 0.289 -837.360
215.631 0.873 124.087 0.668 54.872 0.293 -792.764
216.747 0.782 125.975 0.693 55.023 0.271 -756.347
217.462 0.885 127.904 0.672 55.068 0.262 -723.212
218.589 0.938 129.724 0.680 55.369 0.291 -695.211
219.436 0.976 131.540 0.672 55.621 0.286 -669.993
220.509 0.939 133.250 0.763 55.987 0.292 -648.436
221.710 1.062 135.255 0.681 56.390 0.308 -625.560
222.771 0.976 136.793 0.667 56.922 0.337 -609.566
223.998 1.127 138.733 0.597 57.428 0.345 -591.104
225.394 1.091 140.124 0.707 58.136 0.367 -578.944
226.659 1.050 141.678 0.659 58.818 0.353 -566.320
228.046 1.215 143.310 0.679 59.524 0.379 -554.074
229.358 1.039 144.862 0.546 60.388 0.384 -543.308
230.843 0.992 146.040 0.723 61.160 0.353 -535.668
232.467 1.101 147.461 0.721 62.095 0.387 -527.029
233.961 1.049 148.917 0.630 63.109 0.354 -518.789
236.010 1.114 150.115 0.693 64.046 0.355 -512.439
237.441 1.249 151.193 0.565 65.089 0.423 -507.050
239.448 1.111 152.347 0.623 66.195 0.378 -501.593
241.563 1.256 153.395 0.613 67.369 0.443 -496.917
---
205.601 0.717 101.785 0.548 58.595 0.338 -2175.455
206.176 0.732 103.440 0.511 57.891 0.335 -1911.503
206.682 0.806 105.270 0.571 57.177 0.314 -1687.003
207.428 0.734 107.147 0.557 56.581 0.300 -1507.032
208.004 0.791 109.136 0.551 55.969 0.295 -1355.367
208.687 0.782 110.948 0.642 55.490 0.295 -1242.726
209.221 0.794 112.919 0.607 55.034 0.293 -1140.921
209.731 0.784 114.892 0.625 54.602 0.260 -1055.574
210.487 0.981 116.772 0.571 54.368 0.276 -986.371
211.332 0.809 118.822 0.699 54.136 0.256 -921.621
212.091 0.735 120.829 0.705 53.982 0.268 -866.971
212.901 0.956 122.797 0.553 53.960 0.279 -820.261
213.576 0.882 124.653 0.675 53.959 0.273 -781.394
214.623 0.999 126.703 0.701 54.025 0.265 -743.389
215.342 0.901 128.677 0.645 54.155 0.249 -710.961
216.399 0.964 130.549 0.670 54.393 0.282 -683.440
217.300 0.919 132.481 0.717 54.676 0.261 -657.888
218.328 1.044 134.238 0.721 55.039 0.302 -636.859
219.347 1.024 135.927 0.711 55.442 0.248 -618.411
220.721 0.949 137.821 0.816 56.043 0.301 -599.558
221.953 1.033 139.585 0.735 56.562 0.276 -583.558
223.013 1.091 141.165 0.646 57.202 0.306 -570.383
224.271 1.157 142.890 0.618 57.882 0.319 -557.131
225.698 1.026 144.501 0.714 58.635 0.343 -545.736
227.213 1.158 146.091 0.618 59.495 0.339 -535.352
228.732 1.226 147.408 0.669 60.299 0.365 -527.343
230.576 1.100 148.652 0.618 61.310 0.361 -520.244
232.085 1.098 150.168 0.578 62.268 0.353 -512.167
233.840 1.329 151.438 0.717 63.228 0.387 -505.862
235.713 1.154 152.507 0.756 64.319 0.366 -500.864
237.829 1.535 153.791 0.665 65.467 0.427 -495.213
239.912 1.104 154.713 0.655 66.635 0.316 -491.383
---
203.856 0.807 101.931 0.525 57.766 0.304 -2149.177
204.278 0.736 103.647 0.546 57.023 0.325 -1883.178
205.041 0.721 105.542 0.552 56.335 0.303 -1658.148
205.526 0.797 107.450 0.570 55.678 0.278 -1481.592
206.196 0.859 109.398 0.560 55.133 0.261 -1337.708
206.538 0.783 111.366 0.633 54.560 0.259 -1219.528
207.220 0.790 113.252 0.637 54.160 0.283 -1125.453
207.762 0.864 115.257 0.654 53.763 0.268 -1041.304
208.522 0.952 117.201 0.604 53.492 0.263 -971.961
209.149 0.910 119.339 0.629 53.226 0.264 -906.786
209.863 0.931 121.226 0.646 53.128 0.259 -857.033
210.613 0.877 123.269 0.637 53.033 0.243 -809.921
211.583 1.031 125.329 0.664 53.060 0.275 -768.331
212.490 0.972 127.371 0.724 53.156 0.241 -731.997
213.261 1.071 129.278 0.678 53.275 0.266 -701.796
214.267 1.031 131.329 0.713 53.550 0.264 -672.788
215.057 0.981 133.270 0.673 53.822 0.264 -648.199
216.140 1.028 135.055 0.673 54.191 0.280 -627.729
217.117 1.039 137.060 0.666 54.621 0.277 -606.911
218.284 1.121 138.802 0.721 55.102 0.316 -590.478
219.202 1.150 140.574 0.677 55.683 0.305 -575.188
221.038 1.156 142.205 0.648 56.405 0.300 -562.259
222.056 1.040 143.969 0.608 57.051 0.314 -549.399
223.356 1.088 145.493 0.663 57.864 0.318 -539.162
224.965 1.223 147.198 0.679 58.669 0.335 -528.583
226.575 1.378 148.589 0.731 59.603 0.368 -520.591
228.195 1.155 149.918 0.675 60.479 0.394 -513.459
229.829 1.119 151.280 0.669 61.466 0.332 -506.624
231.556 1.250 152.652 0.543 62.484 0.321 -500.206
233.424 1.354 153.741 0.622 63.614 0.401 -495.426
235.492 1.123 155.022 0.708 64.660 0.386 -490.142
237.490 1.401 156.124 0.589 65.977 0.393 -485.880
---
201.963 0.742 102.058 0.491 57.036 0.302 -2126.887
202.472 0.721 103.962 0.523 56.229 0.269 -1841.446
202.941 0.759 105.728 0.547 55.557 0.305 -1639.055
203.416 0.819 107.757 0.586 54.832 0.273 -1456.846
203.904 0.813 109.608 0.605 54.270 0.262 -1323.970
204.636 0.883 111.595 0.599 53.763 0.283 -1207.182
205.206 0.946 113.582 0.609 53.366 0.266 -1110.588
205.768 0.780 115.667 0.627 52.958 0.251 -1025.754
206.278 0.812 117.654 0.707 52.654 0.233 -957.260
206.980 0.975 119.806 0.581 52.383 0.239 -893.841
207.685 0.828 121.744 0.696 52.263 0.228 -844.482
208.558 1.012 124.065 0.739 52.243 0.225 -793.212
209.198 0.943 125.857 0.727 52.203 0.234 -758.499
210.194 0.991 128.086 0.756 52.309 0.252 -720.273
210.946 0.959 130.037 0.773 52.470 0.223 -690.682
211.783 1.068 132.032 0.658 52.655 0.278 -663.588
212.745 1.100 134.028 0.663 52.994 0.269 -639.269
213.456 1.137 135.899 0.683 53.347 0.246 -618.706
214.793 1.082 137.890 0.717 53.818 0.277 -598.898
215.853 1.088 139.712 0.686 54.316 0.254 -582.458
216.813 1.039 141.526 0.637 54.899 0.253 -567.514
218.313 1.127 143.211 0.642 55.592 0.257 -554.791
219.562 1.207 144.917 0.725 56.272 0.293 -542.943
220.989 1.341 146.646 0.592 57.137 0.347 -531.909
222.274 0.995 148.151 0.709 57.911 0.293 -523.052
223.704 1.402 149.688 0.512 58.770 0.342 -514.660
225.690 1.364 151.222 0.533 59.821 0.394 -506.907
227.068 1.494 152.422 0.665 60.728 0.350 -501.252
229.145 1.445 153.814 0.731 61.821 0.327 -495.116
230.623 1.469 155.275 0.674 62.852 0.367 -489.142
233.167 1.432 156.310 0.605 64.096 0.407 -485.186
235.281 1.453 157.289 0.698 65.213 0.383 -481.644
---
199.876 0.724 102.240 0.573 56.267 0.304 -2095.669
200.435 0.787 104.100 0.508 55.493 0.281 -1823.751
201.002 0.888 106.091 0.537 54.772 0.247 -1603.036
201.400 0.777 108.004 0.576 54.088 0.272 -1437.446
201.921 0.713 109.784 0.568 53.603 0.245 -1312.667
202.309 0.829 111.976 0.574 52.980 0.241 -1187.261
202.976 0.809 113.994 0.637 52.564 0.233 -1092.628
203.553 0.980 115.912 0.628 52.216 0.226 -1016.725
204.459 0.842 118.066 0.666 51.954 0.244 -944.346
204.884 0.935 120.266 0.682 51.689 0.218 -881.534
205.480 0.873 122.246 0.780 51.505 0.211 -832.721
206.172 1.020 124.484 0.707 51.453 0.210 -784.742
206.881 1.000 126.454 0.694 51.483 0.217 -747.754
207.472 0.948 128.666 0.705 51.502 0.217 -711.127
208.519 1.081 130.780 0.697 51.682 0.210 -680.242
209.201 1.085 132.823 0.747 51.908 0.227 -653.641
210.040 1.227 134.849 0.723 52.255 0.240 -630.000
211.016 1.224 136.791 0.694 52.621 0.261 -609.586
212.285 1.123 138.633 0.774 53.079 0.255 -592.015
213.174 1.227 140.562 0.674 53.601 0.285 -575.285
214.160 1.135 142.541 0.746 54.158 0.259 -559.721
215.533 1.228 144.232 0.683 54.826 0.258 -547.576
216.739 1.295 145.915 0.656 55.561 0.275 -536.459
217.821 1.384 147.655 0.630 56.347 0.309 -525.898
219.231 1.149 149.248 0.658 57.185 0.292 -516.993
220.933 1.440 150.846 0.633 58.127 0.318 -508.754
222.362 1.470 152.045 0.608 59.015 0.342 -502.991
224.280 1.563 153.755 0.678 60.094 0.314 -495.367
226.215 1.468 155.025 0.692 61.083 0.349 -490.132
227.694 1.649 156.450 0.622 62.210 0.406 -484.668
230.048 1.472 157.542 0.604 63.446 0.332 -480.762
232.074 1.324 158.772 0.631 64.563 0.373 -476.643
---
198.127 0.692 102.384 0.537 55.677 0.317 -2071.772
198.534 0.812 104.259 0.587 54.878 0.311 -1803.896
198.837 0.812 106.240 0.570 54.093 0.266 -1588.731
199.307 0.781 108.109 0.558 53.481 0.231 -1429.408
199.866 0.813 110.341 0.657 52.830 0.251 -1278.197
200.324 0.755 112.301 0.610 52.322 0.247 -1170.852
200.777 0.804 114.289 0.616 51.899 0.238 -1080.118
201.392 0.764 116.431 0.669 51.527 0.205 -998.173
201.794 0.903 118.538 0.714 51.191 0.227 -930.009
202.428 0.953 120.744 0.650 50.972 0.204 -869.114
202.951 0.907 122.900 0.754 50.796 0.181 -817.974
203.829 1.055 124.864 0.742 50.787 0.188 -777.251
204.319 1.027 127.110 0.767 50.735 0.198 -736.387
205.024 1.137 129.173 0.755 50.828 0.187 -703.387
205.627 1.195 131.486 0.758 50.955 0.201 -670.700
206.519 1.227 133.449 0.727 51.202 0.216 -646.064
207.501 1.062 135.477 0.821 51.535 0.204 -623.168
208.422 1.177 137.580 0.688 51.939 0.222 -601.855
209.232 1.212 139.703 0.731 52.375 0.235 -582.535
210.490 1.175 141.410 0.706 52.941 0.235 -568.429
211.271 1.087 143.400 0.834 53.507 0.252 -553.423
212.445 1.412 145.124 0.617 54.189 0.291 -541.572
213.585 1.364 147.082 0.739 54.895 0.298 -529.277
214.877 1.459 148.730 0.693 55.741 0.266 -519.815
216.455 1.361 150.356 0.580 56.626 0.324 -511.211
217.890 1.433 151.836 0.626 57.482 0.290 -503.971
219.498 1.639 153.483 0.665 58.476 0.315 -496.536
221.203 1.474 154.823 0.731 59.477 0.344 -490.942
223.339 1.542 156.178 0.608 60.599 0.348 -485.677
224.924 1.738 157.545 0.733 61.645 0.355 -480.751
227.018 1.817 158.751 0.687 62.811 0.361 -476.709
229.401 1.477 159.970 0.599 64.092 0.376 -472.903
---
196.195 0.762 102.587 0.511 55.070 0.250 -2038.793
196.463 0.792 104.400 0.540 54.299 0.278 -1786.507
197.012 0.853 106.358 0.619 53.561 0.261 -1577.529
197.194 0.860 108.559 0.634 52.816 0.232 -1395.956
197.585 0.830 110.465 0.582 52.247 0.263 -1270.748
198.049 0.908 112.555 0.639 51.716 0.220 -1158.343
198.457 0.873 114.697 0.653 51.231 0.211 -1063.378
199.130 1.014 116.651 0.664 50.909 0.198 -990.505
199.560 0.990 118.854 0.702 50.604 0.202 -920.677
199.943 1.096 121.089 0.691 50.335 0.180 -860.437
200.736 1.050 123.421 0.716 50.179 0.179 -806.659
201.125 1.054 125.451 0.776 50.101 0.181 -766.018
201.901 1.013 127.566 0.807 50.113 0.165 -728.750
202.510 1.114 129.957 0.741 50.195 0.174 -691.829
203.095 1.160 132.132 0.699 50.353 0.169 -662.306
203.708 1.028 134.067 0.801 50.576 0.173 -638.822
204.616 1.115 136.305 0.744 50.914 0.189 -614.499
205.610 1.237 138.374 0.743 51.307 0.221 -594.385
206.271 1.173 140.412 0.720 51.749 0.217 -576.528
207.285 1.422 142.266 0.729 52.333 0.225 -561.794
208.658 1.267 144.203 0.662 52.975 0.241 -547.776
209.168 1.256 146.116 0.733 53.574 0.241 -535.195
210.623 1.506 147.840 0.681 54.360 0.265 -524.824
211.506 1.667 149.609 0.806 55.139 0.297 -515.075
213.069 1.613 151.303 0.704 56.028 0.299 -506.512
214.279 1.474 152.943 0.755 56.919 0.316 -498.901
216.276 1.601 154.501 0.670 57.998 0.304 -492.247
217.540 1.593 156.001 0.628 58.904 0.322 -486.344
219.113 1.692 157.452 0.618 60.007 0.368 -481.075
221.377 1.712 158.878 0.617 61.226 0.339 -476.299
223.329 1.729 160.104 0.731 62.370 0.277 -472.503
225.637 1.890 161.190 0.597 63.509 0.372 -469.367
---
193.961 0.845 102.646 0.574 54.569 0.296 -2029.487
194.383 0.838 104.515 0.588 53.789 0.281 -1772.728
194.680 0.858 106.481 0.607 53.035 0.246 -1566.106
195.086 0.871 108.642 0.615 52.325 0.235 -1389.955
195.326 0.796 110.572 0.632 51.734 0.232 -1264.402
195.719 0.916 112.760 0.658 51.184 0.194 -1148.424
196.383 0.776 114.932 0.677 50.721 0.205 -1053.984
196.614 0.966 117.165 0.727 50.305 0.197 -973.168
197.093 0.894 119.240 0.639 50.018 0.166 -909.582
197.441 0.975 121.452 0.672 49.764 0.159 -851.496
197.864 0.915 123.633 0.744 49.592 0.147 -802.164
198.579 1.029 125.949 0.761 49.550 0.155 -756.816
198.963 1.107 128.196 0.727 49.535 0.154 -718.519
199.701 1.003 130.296 0.730 49.638 0.141 -686.989
200.387 1.226 132.509 0.807 49.795 0.151 -657.537
200.986 1.107 134.695 0.748 50.007 0.155 -631.703
201.704 1.219 136.980 0.762 50.377 0.193 -607.699
202.578 1.205 138.916 0.699 50.787 0.204 -589.452
203.377 1.308 140.989 0.762 51.258 0.204 -571.793
204.217 1.330 143.052 0.668 51.774 0.242 -555.946
204.900 1.471 145.088 0.697 52.376 0.247 -541.807
206.024 1.367 146.922 0.715 53.067 0.262 -530.234
207.064 1.487 148.653 0.675 53.819 0.264 -520.237
208.325 1.581 150.526 0.774 54.635 0.312 -510.350
209.621 1.785 152.184 0.628 55.544 0.308 -502.345
210.586 1.564 153.925 0.688 56.487 0.314 -494.647
212.178 1.775 155.416 0.662 57.406 0.341 -488.588
213.712 1.699 157.096 0.700 58.513 0.327 -482.327
215.465 1.791 158.309 0.623 59.536 0.389 -478.158
217.513 1.853 159.763 0.722 60.721 0.354 -473.531
218.951 1.727 161.130 0.654 61.891 0.340 -469.537
221.397 2.264 162.358 0.659 63.054 0.371 -466.228
---
191.935 0.856 102.660 0.521 54.181 0.246 -2027.317
192.263 0.802 104.745 0.547 53.292 0.246 -1745.711
192.408 0.908 106.687 0.599 52.550 0.253 -1547.315
192.761 0.789 108.674 0.656 51.892 0.236 -1387.645
193.127 0.842 110.829 0.656 51.276 0.199 -1249.486
193.529 0.916 113.035 0.688 50.724 0.207 -1135.461
193.951 0.978 115.063 0.672 50.279 0.169 -1048.836
194.144 0.966 117.231 0.667 49.875 0.157 -970.974
194.500 1.037 119.645 0.714 49.509 0.147 -898.246
195.075 0.989 121.818 0.700 49.299 0.148 -842.726
195.459 1.054 124.057 0.656 49.140 0.138 -793.367
195.795 1.083 126.300 0.780 49.036 0.135 -750.498
196.242 1.006 128.581 0.745 49.035 0.132 -712.450
196.737 1.097 130.857 0.676 49.142 0.136 -679.176
197.426 1.081 132.970 0.783 49.311 0.137 -651.831
197.945 1.118 135.256 0.771 49.551 0.148 -625.550
198.474 1.121 137.514 0.755 49.877 0.157 -602.485
199.136 1.359 139.575 0.775 50.276 0.166 -583.641
200.131 1.339 141.598 0.715 50.788 0.192 -566.944
200.547 1.403 143.697 0.755 51.289 0.213 -551.312
201.649 1.471 145.687 0.699 51.943 0.225 -537.915
202.317 1.246 147.540 0.869 52.591 0.211 -526.568
203.276 1.533 149.617 0.700 53.373 0.263 -515.033
204.556 1.408 151.302 0.733 54.205 0.258 -506.518
205.547 1.813 153.045 0.641 55.103 0.288 -498.451
207.085 1.808 154.791 0.689 56.097 0.279 -491.071
208.154 1.932 156.360 0.781 57.030 0.308 -484.999
209.497 1.767 157.947 0.661 58.072 0.338 -479.373
211.340 1.833 159.407 0.595 59.121 0.334 -474.628
212.364 2.227 160.851 0.686 60.255 0.353 -470.324
214.380 2.263 162.170 0.694 61.478 0.392 -466.715
216.742 2.584 163.484 0.545 62.738 0.340 -463.421
---
189.845 0.709 102.797 0.553 53.776 0.276 -2005.905
190.106 0.839 104.784 0.611 52.957 0.236 -1741.110
190.258 0.945 106.770 0.599 52.187 0.236 -1539.897
190.538 0.874 108.843 0.619 51.506 0.218 -1375.662
190.811 0.775 110.927 0.698 50.878 0.201 -1243.920
191.045 0.894 113.023 0.688 50.345 0.171 -1136.014
191.381 0.940 115.352 0.728 49.857 0.178 -1037.652
191.606 1.004 117.587 0.749 49.445 0.161 -959.424
191.810 1.012 119.864 0.684 49.109 0.136 -892.269
192.425 0.967 122.207 0.679 48.882 0.116 -833.620
192.870 1.067 124.402 0.712 48.727 0.116 -786.380
193.004 1.135 126.689 0.815 48.640 0.111 -743.634
193.395 1.176 128.921 0.754 48.655 0.114 -707.200
193.855 1.130 131.136 0.732 48.728 0.112 -675.383
194.573 1.221 133.385 0.731 48.923 0.118 -646.817
194.873 1.256 135.648 0.758 49.149 0.143 -621.343
195.146 1.397 137.878 0.768 49.454 0.158 -599.014
195.900 1.456 140.108 0.817 49.886 0.170 -579.077
196.546 1.337 142.320 0.756 50.394 0.191 -561.382
197.139 1.393 144.307 0.795 50.921 0.209 -547.061
197.836 1.412 146.337 0.689 51.569 0.210 -533.814
198.840 1.432 148.256 0.790 52.294 0.230 -522.454
199.635 1.581 150.080 0.714 52.980 0.237 -512.619
200.419 1.690 152.147 0.707 53.879 0.263 -502.519
201.216 1.754 153.861 0.598 54.726 0.296 -494.916
202.470 1.834 155.457 0.717 55.674 0.301 -488.431
203.764 2.026 157.098 0.793 56.679 0.331 -482.319
204.446 1.845 158.759 0.689 57.694 0.333 -476.682
205.916 2.019 160.103 0.668 58.800 0.299 -472.505
207.990 2.079 161.639 0.657 59.948 0.343 -468.131
209.697 2.454 163.028 0.618 61.178 0.368 -464.530
211.749 2.323 164.242 0.619 62.378 0.342 -461.650
---
187.660 0.840 102.932 0.601 53.459 0.271 -1985.242
187.864 0.888 105.002 0.548 52.584 0.232 -1716.395
188.215 0.956 107.038 0.590 51.839 0.208 -1516.362
188.255 0.947 109.014 0.606 51.174 0.204 -1363.723
188.562 0.894 111.035 0.629 50.588 0.180 -1237.800
188.792 0.942 113.269 0.690 50.016 0.179 -1124.675
188.869 0.995 115.411 0.683 49.527 0.145 -1035.416
189.041 0.992 117.627 0.727 49.135 0.136 -958.148
189.501 0.959 120.032 0.725 48.808 0.107 -887.735
189.644 1.098 122.341 0.718 48.560 0.104 -830.535
189.961 1.066 124.536 0.724 48.399 0.088 -783.711
190.184 1.027 126.952 0.702 48.313 0.078 -739.082
190.721 1.028 129.364 0.822 48.325 0.076 -700.515
190.943 1.138 131.512 0.792 48.413 0.091 -670.367
191.167 1.077 133.868 0.778 48.571 0.107 -641.129
191.745 1.226 136.017 0.754 48.813 0.123 -617.473
192.021 1.274 138.232 0.782 49.158 0.133 -595.695
192.242 1.313 140.589 0.716 49.547 0.154 -575.063
193.088 1.355 142.686 0.645 50.052 0.159 -558.637
193.606 1.402 144.817 0.761 50.634 0.167 -543.611
194.187 1.483 146.724 0.702 51.251 0.204 -531.434
194.648 1.521 148.857 0.825 51.962 0.211 -519.117
195.379 1.631 150.754 0.689 52.704 0.240 -509.209
196.147 1.813 152.541 0.779 53.546 0.271 -500.711
196.729 1.745 154.220 0.744 54.352 0.282 -493.408
197.608 1.782 156.186 0.745 55.377 0.304 -485.648
199.097 2.104 157.862 0.607 56.408 0.319 -479.663
200.258 2.112 159.278 0.703 57.434 0.315 -475.030
200.718 2.273 161.094 0.685 58.607 0.291 -469.637
202.749 2.165 162.606 0.613 59.696 0.361 -465.590
203.778 2.201 163.746 0.626 60.832 0.352 -462.797
205.461 2.585 165.193 0.598 62.137 0.361 -459.561
---
185.431 0.779 102.948 0.602 53.243 0.276 -1982.898
185.510 0.749 105.014 0.586 52.377 0.232 -1715.102
185.813 0.827 107.019 0.626 51.623 0.220 -1517.978
185.910 0.881 109.094 0.674 50.945 0.211 -1358.197
185.964 0.876 111.190 0.683 50.330 0.185 -1229.180
186.227 1.004 113.427 0.663 49.761 0.156 -1117.515
186.439 0.874 115.634 0.724 49.294 0.138 -1027.012
186.634 0.987 117.915 0.721 48.876 0.119 -949.043
186.682 1.127 120.138 0.778 48.554 0.096 -884.917
186.975 1.102 122.447 0.805 48.305 0.080 -828.112
187.284 1.082 124.791 0.723 48.154 0.073 -778.669
187.418 1.076 127.117 0.750 48.067 0.060 -736.274
187.683 1.153 129.385 0.770 48.076 0.062 -700.207
187.787 0.996 131.718 0.799 48.156 0.076 -667.652
188.039 1.215 134.039 0.680 48.316 0.078 -639.141
188.394 1.403 136.350 0.678 48.575 0.098 -614.038
188.783 1.152 138.603 0.759 48.910 0.115 -592.282
188.814 1.323 140.987 0.782 49.337 0.129 -571.813
189.546 1.536 142.976 0.803 49.808 0.154 -556.503
189.787 1.488 145.144 0.743 50.377 0.176 -541.441
190.316 1.544 147.105 0.804 50.992 0.206 -529.135
190.645 1.612 149.242 0.748 51.705 0.232 -517.026
190.885 1.699 151.170 0.697 52.476 0.231 -507.159
191.476 1.696 153.011 0.722 53.295 0.237 -498.601
192.419 1.900 154.863 0.705 54.203 0.279 -490.781
192.800 1.973 156.549 0.691 55.122 0.283 -484.302
193.665 2.002 158.360 0.657 56.228 0.286 -477.988
194.351 2.226 159.741 0.612 57.155 0.334 -473.598
195.011 2.125 161.448 0.652 58.311 0.354 -468.652
196.399 2.608 163.051 0.678 59.495 0.336 -464.475
197.171 2.577 164.462 0.590 60.680 0.361 -461.154
199.083 2.616 165.786 0.640 61.929 0.360 -458.333
---
183.286 0.795 102.906 0.561 53.135 0.245 -1989.245
183.424 0.827 105.075 0.663 52.222 0.235 -1708.260
183.501 0.866 106.974 0.622 51.505 0.216 -1521.935
183.526 0.841 109.178 0.637 50.790 0.201 -1352.506
183.617 0.937 111.311 0.664 50.156 0.175 -1222.502
183.583 0.885 113.375 0.651 49.614 0.153 -1119.837
183.806 0.939 115.773 0.755 49.111 0.145 -1021.830
184.057 1.015 117.983 0.698 48.707 0.109 -946.900
184.056 1.033 120.232 0.703 48.397 0.093 -882.425
184.098 0.989 122.696 0.773 48.144 0.072 -822.509
184.247 0.997 124.876 0.758 47.982 0.045 -777.013
184.418 1.108 127.236 0.724 47.902 0.036 -734.251
184.338 1.141 129.652 0.801 47.896 0.037 -696.261
184.755 1.104 131.902 0.849 47.988 0.053 -665.257
185.099 1.104 134.244 0.860 48.161 0.073 -636.798
185.008 1.391 136.587 0.756 48.417 0.094 -611.631
184.960 1.324 138.968 0.790 48.758 0.117 -588.992
185.512 1.352 140.985 0.757 49.132 0.137 -571.825
185.643 1.508 143.387 0.817 49.682 0.159 -553.522
186.015 1.437 145.399 0.805 50.212 0.173 -539.771
186.054 1.569 147.446 0.719 50.823 0.200 -527.120
186.453 1.504 149.487 0.829 51.576 0.238 -515.722
186.534 1.658 151.511 0.814 52.333 0.232 -505.512
186.851 1.786 153.326 0.687 53.156 0.267 -497.216
187.373 1.849 155.126 0.739 54.033 0.286 -489.730
187.470 2.125 156.806 0.655 54.957 0.298 -483.367
188.301 2.286 158.672 0.669 56.019 0.289 -476.966
189.256 2.192 160.314 0.585 57.105 0.290 -471.880
189.112 2.240 161.987 0.638 58.220 0.330 -467.199
190.169 2.296 163.534 0.565 59.401 0.326 -463.301
190.438 2.607 164.912 0.653 60.563 0.377 -460.164
191.763 3.334 166.188 0.603 61.754 0.355 -457.530
---
181.155 0.853 103.004 0.586 53.014 0.259 -1974.453
181.267 0.795 105.105 0.614 52.142 0.237 -1704.976
181.177 0.855 107.209 0.619 51.363 0.215 -1501.696
181.098 0.850 109.274 0.610 50.687 0.189 -1346.019
181.088 0.975 111.350 0.650 50.074 0.172 -1220.369
181.147 0.873 113.405 0.652 49.554 0.145 -1118.521
181.199 0.962 115.735 0.711 49.041 0.133 -1023.244
181.289 1.095 118.015 0.703 48.632 0.104 -945.929
181.479 1.004 120.354 0.737 48.308 0.084 -879.221
181.386 0.978 122.774 0.690 48.052 0.057 -820.765
181.354 1.130 124.905 0.686 47.900 0.036 -776.453
181.415 1.130 127.400 0.738 47.815 0.018 -731.500
181.359 1.177 129.724 0.817 47.818 0.017 -695.205
181.598 1.212 132.158 0.791 47.912 0.038 -661.973
181.697 1.369 134.437 0.805 48.083 0.066 -634.604
181.759 1.145 136.616 0.769 48.331 0.082 -611.341
181.894 1.334 138.846 0.778 48.653 0.105 -590.083
181.815 1.469 141.207 0.738 49.086 0.126 -570.047
182.102 1.503 143.475 0.777 49.579 0.157 -552.886
181.828 1.509 145.338 0.696 50.097 0.160 -540.167
181.998 1.455 147.617 0.680 50.776 0.196 -526.120
182.221 1.721 149.728 0.698 51.516 0.198 -514.448
182.213 1.745 151.639 0.694 52.252 0.232 -504.900
182.373 1.709 153.504 0.628 53.065 0.251 -496.442
182.660 1.849 155.196 0.719 53.970 0.263 -489.454
182.347 2.197 157.101 0.692 54.921 0.289 -482.309
182.671 2.012 158.845 0.684 55.938 0.293 -476.406
182.686 1.940 160.514 0.678 56.999 0.316 -471.293
183.183 2.189 162.105 0.560 58.124 0.343 -466.888
183.309 2.261 163.768 0.543 59.343 0.340 -462.745
183.576 2.962 165.092 0.605 60.504 0.398 -459.777
184.503 2.660 166.355 0.628 61.709 0.398 -457.204
---
178.709 0.852 103.046 0.575 53.000 0.242 -1968.223
178.836 0.868 104.942 0.586 52.204 0.227 -1723.139
178.803 0.907 107.022 0.608 51.433 0.213 -1517.752
178.877 0.994 109.072 0.634 50.737 0.191 -1359.751
178.766 0.908 111.172 0.697 50.116 0.177 -1230.169
178.651 0.969 113.476 0.699 49.528 0.158 -1115.305
178.822 1.018 115.749 0.699 49.042 0.134 -1022.738
178.548 0.985 118.000 0.721 48.636 0.108 -946.373
178.629 0.972 120.399 0.710 48.301 0.082 -878.032
178.781 1.013 122.653 0.787 48.066 0.062 -823.469
178.509 1.141 125.131 0.650 47.894 0.035 -772.101
178.560 1.063 127.265 0.772 47.818 0.016 -733.778
178.443 1.135 129.641 0.735 47.818 0.017 -696.417
178.419 1.236 131.972 0.776 47.904 0.040 -664.358
178.414 1.218 134.299 0.784 48.069 0.060 -636.162
178.346 1.305 136.721 0.796 48.330 0.086 -610.285
178.358 1.414 138.850 0.760 48.645 0.109 -590.052
178.103 1.331 141.169 0.853 49.075 0.140 -570.350
178.066 1.457 143.344 0.751 49.556 0.149 -553.831
178.216 1.634 145.590 0.756 50.151 0.166 -538.536
178.182 1.480 147.497 0.807 50.740 0.200 -526.821
177.942 1.708 149.563 0.742 51.455 0.205 -515.319
177.749 1.686 151.599 0.669 52.244 0.234 -505.095
177.819 1.928 153.528 0.683 53.117 0.234 -496.342
177.466 2.041 155.362 0.664 54.022 0.275 -488.799
177.469 1.841 157.095 0.674 54.910 0.284 -482.330
177.287 2.070 158.793 0.719 55.936 0.309 -476.575
177.390 2.224 160.511 0.689 56.982 0.321 -471.304
176.880 2.474 162.059 0.593 58.101 0.300 -467.010
176.678 2.439 163.616 0.526 59.358 0.323 -463.107
176.321 2.836 165.068 0.566 60.497 0.336 -459.828
176.037 2.880 166.575 0.650 61.814 0.393 -456.782
---
176.619 0.865 103.039 0.580 53.083 0.258 -1969.295
176.630 0.853 105.033 0.582 52.236 0.227 -1712.907
176.606 0.917 107.020 0.617 51.481 0.215 -1517.915
176.415 0.776 109.150 0.653 50.790 0.202 -1354.370
176.272 0.974 111.333 0.675 50.157 0.181 -1221.337
176.305 0.954 113.426 0.676 49.609 0.157 -1117.573
176.235 1.045 115.781 0.662 49.101 0.123 -1021.523
176.064 0.953 118.153 0.747 48.692 0.113 -941.653
175.799 0.961 120.302 0.716 48.388 0.089 -880.565
175.697 0.967 122.500 0.738 48.155 0.066 -826.909
175.651 1.084 124.868 0.711 47.985 0.053 -777.175
175.714 1.224 127.394 0.803 47.902 0.039 -731.608
175.408 1.076 129.611 0.731 47.906 0.039 -696.860
175.439 1.154 131.918 0.812 47.988 0.052 -665.054
175.023 1.250 134.351 0.851 48.164 0.075 -635.570
174.987 1.156 136.575 0.766 48.415 0.091 -611.752
174.665 1.385 138.840 0.776 48.755 0.125 -590.136
174.779 1.371 141.040 0.809 49.147 0.132 -571.382
174.426 1.396 143.108 0.719 49.615 0.150 -555.537
174.076 1.459 145.261 0.733 50.185 0.166 -540.671
173.783 1.497 147.538 0.761 50.863 0.204 -526.577
173.433 1.637 149.413 0.762 51.539 0.208 -516.112
173.138 1.720 151.357 0.717 52.320 0.231 -506.253
172.863 1.762 153.371 0.679 53.178 0.266 -497.019
172.638 2.063 155.282 0.720 54.098 0.278 -489.115
172.311 2.280 156.910 0.693 55.011 0.294 -482.994
172.022 2.126 158.635 0.575 56.029 0.273 -477.088
171.037 2.319 160.277 0.590 57.052 0.330 -471.988
171.178 2.378 161.923 0.593 58.154 0.317 -467.369
169.995 2.406 163.473 0.613 59.428 0.339 -463.446
169.284 2.347 164.938 0.565 60.578 0.355 -460.106
168.184 3.004 166.357 0.513 61.820 0.339 -457.201
---
174.542 0.824 102.889 0.534 53.266 0.240 -1991.841
174.236 0.828 104.900 0.582 52.431 0.224 -1727.885
174.208 0.811 107.018 0.605 51.618 0.219 -1518.066
174.163 0.817 109.016 0.695 50.960 0.206 -1363.583
173.882 0.908 111.233 0.638 50.324 0.172 -1226.776
174.008 0.953 113.481 0.695 49.741 0.161 -1115.097
173.638 0.943 115.696 0.719 49.271 0.136 -1024.671
173.433 0.999 117.872 0.726 48.875 0.117 -950.376
173.222 1.010 120.108 0.740 48.568 0.105 -885.710
173.224 1.035 122.517 0.733 48.294 0.080 -826.535
172.868 1.076 124.834 0.797 48.140 0.070 -777.830
172.564 1.067 127.196 0.736 48.067 0.060 -734.930
172.271 1.178 129.492 0.766 48.077 0.061 -698.614
172.122 1.151 131.796 0.789 48.156 0.071 -666.634
171.934 1.274 134.234 0.799 48.339 0.085 -636.904
171.796 1.391 136.259 0.744 48.558 0.104 -614.976
171.506 1.342 138.550 0.824 48.891 0.125 -592.764
170.995 1.418 140.808 0.783 49.310 0.138 -573.263
170.407 1.446 142.950 0.810 49.801 0.162 -556.687
170.058 1.344 144.942 0.805 50.341 0.179 -542.776
169.966 1.533 147.150 0.678 50.974 0.204 -528.870
169.078 1.608 149.141 0.725 51.697 0.236 -517.569
169.114 1.604 151.212 0.726 52.492 0.232 -506.958
168.636 1.668 153.145 0.685 53.303 0.235 -498.008
168.309 1.920 154.906 0.615 54.232 0.267 -490.605
167.186 1.920 156.646 0.681 55.148 0.284 -483.950
166.284 1.893 158.323 0.690 56.177 0.308 -478.112
165.607 1.837 159.983 0.709 57.263 0.321 -472.865
164.140 2.496 161.422 0.636 58.312 0.333 -468.724
163.432 2.588 162.949 0.695 59.494 0.344 -464.729
163.092 2.398 164.523 0.618 60.661 0.321 -461.017
160.904 3.157 165.681 0.631 61.848 0.372 -458.545
---
172.347 0.735 102.915 0.577 53.448 0.275 -1987.884
172.043 0.844 104.923 0.639 52.630 0.268 -1725.252
171.984 1.005 106.845 0.598 51.905 0.210 -1533.234
171.817 0.829 108.959 0.665 51.187 0.206 -1367.539
171.505 0.950 111.121 0.637 50.556 0.188 -1233.006
171.378 0.898 113.216 0.631 50.020 0.171 -1127.080
171.049 0.948 115.498 0.643 49.528 0.154 -1032.106
170.935 0.962 117.778 0.714 49.117 0.122 -953.324
170.652 0.971 120.074 0.705 48.784 0.119 -886.617
170.365 1.035 122.267 0.779 48.550 0.098 -832.236
170.033 0.992 124.596 0.749 48.406 0.088 -782.505
169.894 1.096 126.897 0.767 48.310 0.091 -740.029
169.335 1.049 129.300 0.689 48.323 0.082 -701.479
169.218 1.303 131.582 0.750 48.397 0.091 -669.441
168.829 1.236 133.729 0.809 48.550 0.090 -642.751
168.280 1.197 136.176 0.795 48.835 0.121 -615.823
167.888 1.283 138.345 0.821 49.158 0.133 -594.654
167.484 1.412 140.546 0.780 49.563 0.174 -575.421
166.788 1.410 142.682 0.682 50.055 0.167 -558.666
166.637 1.307 144.710 0.699 50.582 0.186 -544.327
165.896 1.769 146.872 0.817 51.239 0.204 -530.537
165.204 1.626 148.761 0.693 51.940 0.228 -519.643
164.567 1.688 150.634 0.776 52.660 0.238 -509.809
163.841 1.433 152.542 0.725 53.515 0.231 -500.705
163.282 1.918 154.400 0.736 54.424 0.282 -492.664
162.327 1.795 156.132 0.671 55.409 0.300 -485.850
161.539 1.694 157.894 0.620 56.406 0.313 -479.552
160.194 1.809 159.352 0.650 57.440 0.329 -474.798
159.104 2.031 161.004 0.643 58.535 0.339 -469.890
157.437 2.259 162.428 0.676 59.734 0.369 -466.048
156.030 2.057 163.785 0.628 60.859 0.315 -462.706
154.078 2.110 165.175 0.661 62.139 0.416 -459.599
---
170.344 0.823 102.897 0.581 53.709 0.248 -1990.592
169.924 0.840 104.771 0.561 52.958 0.237 -1742.656
169.638 0.847 106.791 0.587 52.180 0.212 -1538.029
169.500 0.819 108.902 0.658 51.482 0.222 -1371.484
169.219 1.005 110.865 0.627 50.895 0.200 -1247.454
168.962 0.917 113.107 0.630 50.323 0.172 -1132.117
168.564 1.050 115.257 0.740 49.851 0.179 -1041.284
168.508 1.046 117.643 0.676 49.412 0.128 -957.616
167.954 0.989 119.773 0.659 49.139 0.131 -894.734
167.673 1.031 121.921 0.752 48.895 0.114 -840.286
167.177 1.061 124.441 0.730 48.729 0.105 -785.592
167.020 1.069 126.708 0.704 48.623 0.106 -743.305
166.463 1.212 128.877 0.773 48.651 0.119 -707.882
165.930 1.139 131.232 0.836 48.742 0.116 -674.085
165.625 1.088 133.575 0.747 48.906 0.127 -644.569
165.234 1.145 135.757 0.750 49.150 0.117 -620.192
164.740 1.251 137.841 0.764 49.460 0.149 -599.362
163.957 1.298 139.968 0.804 49.892 0.152 -580.261
163.508 1.357 142.232 0.788 50.365 0.199 -562.050
162.828 1.598 144.366 0.813 50.939 0.221 -546.657
162.312 1.441 146.290 0.732 51.528 0.217 -534.108
161.328 1.441 148.236 0.814 52.226 0.227 -522.566
160.481 1.410 150.158 0.722 52.984 0.262 -512.218
159.650 1.572 152.055 0.680 53.834 0.244 -502.944
158.763 1.731 153.855 0.753 54.735 0.277 -494.942
157.385 1.778 155.476 0.761 55.653 0.298 -488.355
156.178 1.590 157.124 0.589 56.672 0.338 -482.227
155.279 1.782 158.657 0.557 57.705 0.315 -477.014
153.737 2.212 160.191 0.573 58.784 0.329 -472.244
152.219 2.109 161.619 0.572 59.946 0.342 -468.188
150.626 2.015 162.875 0.695 61.113 0.361 -464.913
148.416 2.270 164.332 0.615 62.386 0.367 -461.445
---
168.105 0.874 102.843 0.596 54.085 0.273 -1998.768
167.726 0.829 104.679 0.586 53.333 0.258 -1753.322
167.453 0.785 106.576 0.618 52.625 0.251 -1557.343
167.263 0.903 108.725 0.620 51.871 0.215 -1383.990
166.779 0.936 110.831 0.653 51.280 0.204 -1249.391
166.438 0.809 112.926 0.615 50.743 0.186 -1140.576
166.162 0.838 115.087 0.645 50.254 0.167 -1047.891
165.976 0.889 117.328 0.667 49.833 0.149 -967.787
165.420 1.027 119.550 0.673 49.523 0.149 -900.888
165.196 0.993 121.799 0.688 49.274 0.136 -843.158
164.601 0.935 124.109 0.721 49.133 0.134 -792.310
164.070 1.107 126.222 0.717 49.063 0.138 -751.890
163.890 0.992 128.523 0.760 49.042 0.115 -713.364
163.167 1.167 130.881 0.738 49.157 0.138 -678.844
162.666 1.219 133.080 0.783 49.310 0.145 -650.491
162.182 1.224 135.305 0.747 49.542 0.144 -625.016
161.443 1.217 137.386 0.681 49.867 0.167 -603.722
160.758 1.310 139.594 0.845 50.278 0.184 -583.475
159.827 1.195 141.473 0.714 50.758 0.183 -567.934
159.342 1.418 143.722 0.723 51.317 0.221 -551.131
158.422 1.345 145.780 0.728 51.957 0.239 -537.317
157.459 1.443 147.668 0.764 52.651 0.229 -525.824
156.583 1.404 149.533 0.712 53.401 0.247 -515.476
155.547 1.600 151.258 0.876 54.208 0.277 -506.731
154.666 1.643 153.027 0.603 55.024 0.283 -498.532
153.457 1.446 154.661 0.556 56.011 0.290 -491.597
151.954 1.986 156.441 0.656 57.046 0.334 -484.700
150.622 1.859 157.902 0.632 58.091 0.328 -479.524
149.107 2.020 159.450 0.640 59.123 0.304 -474.493
147.146 1.962 160.764 0.653 60.270 0.322 -470.571
144.926 2.230 162.089 0.710 61.495 0.397 -466.929
143.330 2.039 163.363 0.597 62.686 0.344 -463.712
---
165.649 0.797 102.665 0.588 54.605 0.291 -2026.418
165.636 0.890 104.606 0.589 53.746 0.256 -1761.916
165.324 0.836 106.631 0.585 52.997 0.245 -1552.332
164.948 0.926 108.602 0.625 52.321 0.230 -1392.847
164.552 0.780 110.558 0.618 51.751 0.219 -1265.254
164.280 0.965 112.735 0.648 51.173 0.210 -1149.656
163.748 0.959 114.927 0.630 50.725 0.189 -1054.179
163.440 0.877 116.956 0.741 50.342 0.194 -980.148
162.863 0.957 119.327 0.715 50.002 0.186 -907.116
162.591 0.968 121.399 0.684 49.774 0.157 -852.787
161.962 1.041 123.704 0.751 49.628 0.159 -800.672
161.400 1.004 125.936 0.695 49.533 0.139 -757.050
160.888 1.094 128.207 0.707 49.562 0.162 -718.341
160.168 1.079 130.240 0.778 49.653 0.153 -687.785
159.720 1.127 132.503 0.751 49.782 0.169 -657.605
159.081 1.232 134.781 0.773 50.034 0.168 -630.745
158.376 1.312 136.805 0.712 50.345 0.192 -609.445
157.498 1.338 138.904 0.738 50.763 0.205 -589.566
156.740 1.171 140.998 0.733 51.225 0.202 -571.723
156.257 1.336 143.041 0.741 51.739 0.200 -556.027
155.188 1.281 144.932 0.762 52.388 0.237 -542.843
154.265 1.348 146.852 0.778 53.045 0.277 -530.657
152.816 1.340 148.755 0.807 53.845 0.257 -519.675
151.986 1.603 150.671 0.757 54.653 0.267 -509.620
150.650 1.680 152.217 0.720 55.530 0.306 -502.193
149.473 1.537 153.948 0.753 56.438 0.247 -494.550
148.118 1.799 155.700 0.642 57.458 0.304 -487.489
146.277 1.774 157.045 0.652 58.469 0.333 -482.509
144.425 1.957 158.450 0.709 59.580 0.352 -477.692
142.802 2.440 159.821 0.561 60.637 0.367 -473.356
141.054 1.805 161.026 0.643 61.781 0.311 -469.828
138.272 1.760 162.288 0.581 63.116 0.298 -466.409
---
163.951 0.876 102.563 0.515 55.047 0.262 -2042.605
163.527 0.803 104.452 0.585 54.297 0.297 -1780.316
163.067 0.862 106.429 0.569 53.526 0.257 -1570.923
162.812 0.912 108.351 0.576 52.869 0.249 -1411.217
162.376 0.988 110.489 0.659 52.241 0.246 -1269.310
161.933 0.810 112.579 0.667 51.712 0.226 -1157.164
161.571 0.916 114.583 0.605 51.259 0.214 -1068.019
161.141 0.945 116.753 0.669 50.849 0.189 -986.998
160.327 1.003 118.876 0.611 50.594 0.180 -920.036
160.065 1.045 121.145 0.714 50.319 0.166 -859.045
159.276 0.994 123.191 0.697 50.190 0.166 -811.616
158.789 1.003 125.486 0.754 50.122 0.167 -765.363
158.366 1.020 127.727 0.734 50.073 0.166 -726.096
157.657 1.023 129.844 0.778 50.172 0.171 -693.460
156.888 1.089 131.976 0.737 50.355 0.163 -664.311
156.036 1.161 134.000 0.703 50.614 0.196 -639.589
155.457 1.176 136.182 0.817 50.904 0.189 -615.762
154.685 1.145 138.207 0.748 51.289 0.202 -595.933
153.508 1.155 140.322 0.816 51.803 0.193 -577.279
152.885 1.317 142.375 0.778 52.285 0.236 -560.966
151.868 1.382 144.154 0.826 52.881 0.236 -548.117
150.690 1.223 146.068 0.787 53.611 0.268 -535.494
149.485 1.247 147.930 0.660 54.378 0.254 -524.308
148.501 1.641 149.585 0.681 55.134 0.346 -515.200
147.156 1.362 151.316 0.628 56.008 0.295 -506.450
145.460 1.559 152.836 0.618 56.974 0.314 -499.379
143.538 1.628 154.534 0.695 57.988 0.342 -492.115
142.501 1.754 155.972 0.585 58.960 0.321 -486.451
140.498 1.678 157.376 0.696 60.043 0.358 -481.339
138.835 1.653 158.645 0.636 61.153 0.370 -477.052
136.156 1.691 159.858 0.642 62.353 0.344 -473.241
134.500 1.607 161.145 0.649 63.547 0.389 -469.492
---
161.764 0.719 102.370 0.551 55.693 0.286 -2074.056
161.537 0.797 104.187 0.546 54.893 0.277 -1812.879
161.033 0.858 106.062 0.565 54.196 0.263 -1605.883
160.614 0.844 108.189 0.596 53.485 0.254 -1423.339
160.111 0.902 110.162 0.643 52.903 0.262 -1289.019
159.722 0.806 112.069 0.607 52.392 0.233 -1182.535
159.127 0.870 114.362 0.643 51.897 0.213 -1077.073
158.549 0.929 116.252 0.654 51.566 0.197 -1004.490
158.159 0.812 118.490 0.670 51.219 0.209 -931.423
157.585 0.935 120.502 0.672 50.962 0.207 -875.349
157.014 1.073 122.846 0.739 50.784 0.207 -819.153
156.290 1.021 124.968 0.720 50.768 0.187 -775.226
155.715 0.999 127.022 0.743 50.741 0.187 -737.895
155.002 1.083 129.256 0.716 50.804 0.175 -702.136
154.104 1.096 131.391 0.757 50.981 0.207 -671.960
153.378 1.156 133.466 0.678 51.199 0.212 -645.860
152.320 1.144 135.678 0.759 51.583 0.202 -621.027
151.606 1.217 137.542 0.722 51.945 0.231 -602.220
150.707 1.076 139.650 0.723 52.395 0.228 -582.988
149.487 1.339 141.530 0.783 52.967 0.240 -567.480
148.762 1.187 143.228 0.691 53.479 0.276 -554.668
147.430 1.091 145.186 0.685 54.233 0.281 -541.162
146.238 1.301 146.923 0.705 54.943 0.282 -530.228
145.110 1.419 148.862 0.712 55.776 0.330 -519.088
143.759 1.287 150.331 0.708 56.558 0.308 -511.336
141.863 1.406 151.986 0.685 57.562 0.300 -503.268
140.486 1.382 153.508 0.647 58.489 0.320 -496.428
138.733 1.526 154.874 0.677 59.485 0.333 -490.733
137.317 1.594 156.245 0.611 60.485 0.335 -485.428
134.744 1.874 157.496 0.584 61.721 0.401 -480.922
132.801 1.991 158.733 0.627 62.869 0.387 -476.769
130.492 1.850 159.845 0.690 64.027 0.375 -473.281
---
159.915 0.803 102.361 0.575 56.272 0.302 -2075.482
159.436 0.775 104.127 0.542 55.518 0.261 -1820.405
159.104 0.760 105.961 0.604 54.814 0.267 -1615.726
158.592 0.769 107.928 0.593 54.138 0.282 -1443.363
158.058 0.804 109.799 0.590 53.563 0.278 -1311.688
157.434 0.806 111.853 0.623 53.064 0.224 -1193.605
157.077 0.819 114.101 0.622 52.523 0.248 -1088.035
156.487 0.848 116.031 0.680 52.199 0.207 -1012.403
155.900 0.962 118.198 0.685 51.863 0.210 -940.266
155.226 0.897 120.200 0.618 51.676 0.216 -883.276
154.400 0.915 122.304 0.720 51.552 0.204 -831.382
153.818 0.946 124.469 0.748 51.437 0.219 -785.028
153.319 1.012 126.663 0.633 51.399 0.208 -744.089
152.394 1.055 128.592 0.728 51.537 0.216 -712.287
151.552 1.000 130.844 0.718 51.685 0.202 -679.354
150.835 0.950 132.837 0.755 51.886 0.212 -653.463
149.935 1.201 134.757 0.731 52.210 0.244 -631.020
149.073 1.165 136.766 0.684 52.588 0.258 -609.829
147.995 1.114 138.710 0.793 53.051 0.226 -591.310
147.021 1.257 140.631 0.761 53.589 0.257 -574.717
145.416 1.208 142.447 0.703 54.249 0.306 -560.426
144.607 1.187 144.323 0.648 54.865 0.283 -546.957
143.123 1.086 146.025 0.669 55.627 0.317 -535.763
142.159 1.326 147.741 0.714 56.357 0.295 -525.399
140.644 1.247 149.260 0.697 57.213 0.313 -516.933
138.955 1.213 150.777 0.729 58.186 0.336 -509.096
137.368 1.258 152.216 0.583 59.045 0.338 -502.196
135.856 1.315 153.696 0.757 60.025 0.329 -495.620
134.118 1.460 155.046 0.709 61.087 0.343 -490.047
131.720 1.649 156.257 0.590 62.289 0.378 -485.383
129.695 1.382 157.616 0.666 63.428 0.364 -480.505
127.642 1.462 158.612 0.524 64.550 0.398 -477.161
---
158.133 0.732 102.055 0.552 57.014 0.319 -2127.274
157.429 0.791 104.035 0.532 56.245 0.307 -1831.996
157.113 0.769 105.953 0.574 55.454 0.276 -1616.514
156.552 0.743 107.672 0.572 54.871 0.277 -1463.618
156.107 0.700 109.576 0.598 54.270 0.284 -1326.038
155.582 0.815 111.557 0.626 53.744 0.262 -1209.227
154.947 0.843 113.600 0.586 53.346 0.259 -1109.774
154.275 0.839 115.682 0.629 52.940 0.228 -1025.219
153.462 0.965 117.667 0.745 52.670 0.253 -956.865
152.951 0.904 119.786 0.663 52.411 0.235 -894.400
152.305 1.066 121.858 0.620 52.289 0.239 -841.778
151.592 0.908 123.967 0.797 52.187 0.239 -795.226
150.722 0.965 125.947 0.724 52.218 0.230 -756.854
149.979 1.008 127.931 0.644 52.289 0.225 -722.783
149.133 0.989 129.997 0.717 52.448 0.248 -691.246
148.328 1.004 131.900 0.739 52.672 0.222 -665.283
147.324 1.045 133.937 0.772 52.981 0.248 -640.320
146.566 1.077 136.021 0.619 53.326 0.261 -617.431
145.232 1.181 137.811 0.699 53.844 0.263 -599.653
144.250 1.122 139.782 0.772 54.355 0.245 -581.851
142.928 1.086 141.431 0.709 54.964 0.258 -568.261
141.816 1.213 143.383 0.747 55.619 0.281 -553.544
140.588 1.234 145.078 0.641 56.301 0.313 -541.873
139.302 1.314 146.717 0.792 57.039 0.300 -531.477
137.506 1.185 148.317 0.703 57.955 0.312 -522.113
136.422 1.306 149.811 0.748 58.762 0.324 -514.017
134.722 1.244 151.134 0.772 59.746 0.328 -507.337
132.950 1.196 152.608 0.694 60.711 0.342 -500.403
131.226 1.487 153.962 0.696 61.773 0.364 -494.489
128.794 1.418 154.933 0.589 62.963 0.399 -490.497
127.341 1.205 156.250 0.613 63.980 0.372 -485.410
124.928 1.242 157.341 0.634 65.229 0.368 -481.462
---
156.180 0.707 101.892 0.542 57.768 0.328 -2156.092
155.605 0.698 103.764 0.473 57.012 0.292 -1867.367
155.027 0.819 105.594 0.489 56.337 0.265 -1652.790
154.734 0.780 107.366 0.520 55.661 0.295 -1488.587
153.763 0.674 109.171 0.623 55.182 0.289 -1352.960
153.400 0.821 111.359 0.618 54.564 0.268 -1219.888
152.749 0.842 113.157 0.613 54.184 0.258 -1129.800
152.060 0.842 115.144 0.554 53.799 0.269 -1045.656
151.626 0.878 117.169 0.640 53.505 0.249 -973.030
150.761 0.842 119.174 0.624 53.274 0.260 -911.455
150.037 0.916 121.383 0.690 53.136 0.260 -853.187
149.285 0.931 123.236 0.726 53.061 0.260 -810.640
148.469 0.969 125.353 0.633 53.046 0.257 -767.877
147.619 1.040 127.411 0.660 53.119 0.244 -731.323
146.771 0.840 129.270 0.703 53.282 0.241 -701.921
145.976 1.065 131.292 0.679 53.468 0.239 -673.282
144.767 1.084 133.125 0.611 53.860 0.246 -649.951
143.768 1.060 135.178 0.719 54.221 0.299 -626.391
143.123 0.865 136.978 0.666 54.562 0.238 -607.718
141.676 1.056 138.785 0.670 55.105 0.277 -590.637
140.446 1.069 140.462 0.636 55.763 0.277 -576.114
139.147 0.976 142.343 0.637 56.411 0.301 -561.211
138.068 1.181 144.054 0.693 57.062 0.305 -548.806
136.662 1.191 145.551 0.692 57.812 0.310 -538.789
135.035 1.085 147.120 0.709 58.656 0.295 -529.050
133.491 1.071 148.474 0.620 59.533 0.357 -521.232
132.001 1.242 149.918 0.686 60.562 0.279 -513.457
130.060 1.296 151.315 0.690 61.554 0.353 -506.458
128.215 0.991 152.617 0.654 62.552 0.352 -500.366
126.414 1.317 153.806 0.696 63.555 0.365 -495.148
124.712 1.345 154.911 0.603 64.664 0.431 -490.587
122.394 1.291 156.128 0.709 65.902 0.383 -485.866
---
154.422 0.659 101.726 0.454 58.640 0.327 -2186.216
153.772 0.779 103.542 0.551 57.819 0.310 -1897.450
153.187 0.737 105.355 0.524 57.168 0.295 -1677.896
152.690 0.681 107.109 0.584 56.573 0.316 -1510.214
152.031 0.772 109.080 0.549 55.920 0.288 -1359.169
151.369 0.845 110.974 0.536 55.466 0.271 -1241.231
150.811 0.858 112.844 0.560 55.021 0.315 -1144.428
150.171 0.786 114.855 0.606 54.629 0.288 -1057.060
149.654 0.863 116.761 0.562 54.339 0.268 -986.754
148.717 0.840 118.733 0.616 54.169 0.266 -924.226
148.019 0.882 120.795 0.586 53.996 0.272 -867.825
147.008 0.944 122.683 0.650 53.964 0.266 -822.784
146.413 0.963 124.621 0.693 53.959 0.263 -782.022
145.179 0.956 126.596 0.736 54.120 0.279 -745.260
144.581 0.968 128.577 0.678 54.174 0.269 -712.509
143.657 0.970 130.455 0.599 54.414 0.262 -684.747
142.536 1.018 132.364 0.724 54.702 0.274 -659.362
141.626 0.948 134.333 0.704 55.047 0.279 -635.778
140.596 1.125 136.104 0.627 55.463 0.310 -616.574
139.490 1.140 137.896 0.720 55.975 0.278 -598.849
138.170 1.150 139.599 0.686 56.588 0.316 -583.429
136.710 1.189 141.177 0.653 57.261 0.330 -570.280
135.503 1.164 142.990 0.722 57.929 0.318 -556.401
134.348 1.278 144.309 0.766 58.620 0.323 -547.051
132.749 1.038 145.842 0.742 59.465 0.343 -536.926
131.026 1.119 147.442 0.744 60.357 0.360 -527.142
129.309 1.238 148.643 0.747 61.407 0.348 -520.294
127.793 1.166 149.998 0.549 62.277 0.358 -513.042
126.287 1.353 151.509 0.751 63.277 0.412 -505.524
124.251 1.376 152.620 0.505 64.341 0.350 -500.350
122.482 1.121 153.730 0.590 65.534 0.365 -495.473
120.335 1.252 154.779 0.681 66.680 0.411 -491.120
---
152.541 0.688 101.735 0.512 59.401 0.322 -2184.534
152.080 0.747 103.165 0.518 58.774 0.325 -1950.839
151.419 0.717 105.133 0.469 58.035 0.309 -1701.907
150.813 0.697 107.005 0.591 57.426 0.340 -1519.214
150.147 0.790 108.862 0.559 56.814 0.351 -1374.332
149.564 0.775 110.662 0.548 56.372 0.280 -1259.133
149.050 0.891 112.441 0.558 55.961 0.303 -1163.907
148.091 0.798 114.410 0.581 55.658 0.290 -1075.108
147.456 0.700 116.208 0.629 55.321 0.310 -1006.032
146.726 0.882 118.233 0.582 55.119 0.286 -939.205
146.004 0.784 120.147 0.591 54.948 0.299 -884.672
145.039 0.751 122.075 0.665 54.918 0.266 -836.679
144.207 0.826 123.920 0.635 54.950 0.258 -796.177
143.315 0.896 125.988 0.647 54.979 0.280 -756.111
142.483 0.933 127.813 0.635 55.126 0.291 -724.692
141.423 0.963 129.642 0.700 55.341 0.295 -696.403
140.526 0.981 131.507 0.646 55.632 0.288 -670.425
139.631 0.946 133.300 0.652 55.958 0.260 -647.842
138.242 1.050 135.065 0.720 56.450 0.304 -627.619
137.196 0.975 137.007 0.660 56.941 0.289 -607.437
136.154 0.971 138.515 0.712 57.432 0.323 -593.090
134.647 1.050 140.333 0.583 58.140 0.336 -577.189
133.284 0.941 141.721 0.634 58.828 0.338 -565.981
132.022 0.924 143.280 0.705 59.517 0.293 -554.286
130.496 1.082 144.703 0.697 60.336 0.331 -544.372
129.386 1.079 146.289 0.536 61.139 0.322 -534.113
127.464 1.179 147.450 0.626 62.110 0.354 -527.096
125.950 1.194 149.048 0.597 63.100 0.364 -518.074
123.942 1.092 150.142 0.640 64.163 0.359 -512.304
122.291 1.236 151.396 0.560 65.149 0.383 -506.065
120.511 1.246 152.510 0.573 66.202 0.335 -500.850
118.662 1.027 153.321 0.601 67.270 0.391 -497.239
---
150.982 0.670 101.323 0.451 60.423 0.315 -2262.936
150.252 0.770 103.093 0.529 59.757 0.336 -1961.323
149.606 0.664 104.945 0.515 58.984 0.314 -1722.860
149.027 0.812 106.592 0.503 58.415 0.358 -1555.940
148.433 0.740 108.336 0.514 57.900 0.324 -1412.351
147.621 0.624 110.197 0.552 57.453 0.288 -1286.904
147.065 0.899 112.082 0.609 56.970 0.292 -1181.879
146.283 0.771 113.984 0.574 56.617 0.291 -1093.055
145.655 0.812 115.762 0.605 56.352 0.299 -1022.229
144.610 0.992 117.671 0.599 56.182 0.308 -956.746
144.057 0.823 119.499 0.571 56.031 0.275 -902.298
143.015 0.843 121.437 0.571 55.960 0.294 -851.870
142.397 0.885 123.184 0.621 55.904 0.298 -811.761
141.383 0.830 125.134 0.648 55.955 0.299 -772.033
140.569 0.827 127.128 0.698 56.114 0.269 -736.090
139.486 0.934 128.891 0.727 56.394 0.316 -707.666
138.223 0.765 130.650 0.644 56.696 0.309 -682.038
137.539 0.842 132.466 0.662 56.933 0.325 -658.070
136.394 0.880 134.277 0.663 57.361 0.314 -636.417
135.098 1.031 135.950 0.646 57.893 0.337 -618.171
133.878 1.056 137.479 0.595 58.451 0.336 -602.829
132.702 0.933 139.008 0.626 59.099 0.348 -588.635
131.343 1.001 140.637 0.552 59.728 0.366 -574.668
129.902 0.952 142.320 0.666 60.489 0.371 -561.380
128.432 1.098 143.704 0.591 61.276 0.401 -551.263
127.083 1.093 144.991 0.637 62.056 0.375 -542.451
125.497 1.029 146.186 0.714 62.950 0.285 -534.756
123.524 1.045 147.716 0.604 64.067 0.415 -525.541
122.240 1.017 148.773 0.656 64.951 0.379 -519.573
120.314 1.012 150.035 0.586 65.970 0.366 -512.855
118.953 1.236 151.118 0.621 67.071 0.454 -507.416
116.698 1.050 151.983 0.580 68.271 0.414 -503.281
---
149.326 0.705 101.249 0.493 61.344 0.372 -2277.693
148.469 0.663 102.922 0.440 60.696 0.334 -1986.795
148.164 0.615 104.588 0.499 59.947 0.353 -1764.076
147.203 0.707 106.345 0.508 59.416 0.324 -1578.783
146.740 0.667 107.955 0.571 58.944 0.346 -1441.304
145.994 0.692 109.875 0.498 58.398 0.346 -1306.900
145.129 0.683 111.586 0.570 58.071 0.362 -1207.655
144.482 0.808 113.409 0.598 57.692 0.314 -1118.336
143.690 0.731 115.350 0.531 57.378 0.297 -1037.737
143.099 0.837 117.186 0.583 57.139 0.296 -972.473
142.252 0.774 118.928 0.669 57.022 0.352 -918.518
141.508 0.864 120.855 0.591 56.925 0.313 -866.308
140.324 0.895 122.804 0.660 57.007 0.330 -820.102
139.608 0.833 124.594 0.609 57.019 0.328 -782.560
138.621 0.878 126.283 0.613 57.132 0.294 -750.790
137.457 0.922 128.120 0.629 57.390 0.330 -719.734
136.558 0.981 129.733 0.632 57.682 0.305 -695.078
135.354 0.835 131.638 0.617 58.067 0.353 -668.702
134.483 0.897 133.243 0.671 58.443 0.303 -648.529
133.412 0.990 134.844 0.632 58.916 0.344 -630.057
131.997 0.745 136.676 0.610 59.482 0.359 -610.735
130.556 0.871 138.029 0.642 60.093 0.301 -597.597
129.259 0.916 139.692 0.626 60.768 0.392 -582.627
128.047 0.891 141.079 0.684 61.462 0.342 -571.069
126.643 0.861 142.518 0.651 62.267 0.368 -559.891
125.284 0.987 143.865 0.664 63.037 0.387 -550.128
123.871 0.952 145.261 0.619 63.909 0.376 -540.674
122.008 0.970 146.593 0.666 64.946 0.387 -532.236
120.472 1.041 147.586 0.599 65.827 0.414 -526.300
118.748 0.798 148.779 0.612 66.834 0.332 -519.542
117.217 1.068 149.745 0.479 67.944 0.435 -514.358
115.448 1.294 150.759 0.567 69.013 0.447 -509.185
