phi std_phi theta std_theta rho std_rho effective thickness
---
-66.177 1.084 151.210 0.619 69.394 0.424 -506.965
-64.108 1.022 150.403 0.529 68.254 0.360 -510.970
-62.527 1.050 149.238 0.583 67.193 0.407 -517.047
-60.694 0.954 148.205 0.697 66.064 0.389 -522.746
-59.097 1.006 147.065 0.662 65.165 0.378 -529.380
-57.263 0.906 145.737 0.596 64.069 0.332 -537.594
-55.984 1.004 144.525 0.609 63.251 0.361 -545.579
-54.214 0.853 143.390 0.562 62.239 0.392 -553.499
-52.973 1.008 141.809 0.643 61.573 0.353 -565.303
-51.551 0.920 140.263 0.662 60.757 0.360 -577.774
-50.206 0.952 138.782 0.675 60.022 0.299 -590.661
-48.870 0.908 137.237 0.657 59.425 0.337 -605.172
-47.430 0.994 135.581 0.636 58.863 0.386 -622.056
-46.374 0.807 134.026 0.681 58.354 0.314 -639.296
-45.354 0.819 132.422 0.685 57.930 0.322 -658.623
-44.416 0.784 130.591 0.636 57.578 0.273 -682.846
-43.096 0.915 128.829 0.672 57.216 0.342 -708.615
-42.143 0.797 127.032 0.666 57.022 0.330 -737.719
-41.052 0.860 125.274 0.613 56.756 0.326 -769.376
-40.287 0.914 123.432 0.709 56.716 0.312 -806.429
-39.266 0.648 121.675 0.575 56.627 0.298 -846.131
-38.548 0.807 119.727 0.589 56.731 0.331 -896.018
-37.531 0.785 117.843 0.621 56.805 0.332 -951.282
-36.809 0.757 116.044 0.556 56.976 0.296 -1011.944
-36.028 0.807 114.199 0.594 57.255 0.300 -1083.885
-35.344 0.793 112.426 0.636 57.562 0.334 -1164.649
-34.431 0.740 110.558 0.611 57.941 0.357 -1265.266
-33.944 0.686 108.813 0.530 58.378 0.312 -1377.744
-33.118 0.716 107.038 0.561 58.813 0.389 -1516.341
-32.484 0.701 105.231 0.492 59.404 0.357 -1691.181
-31.870 0.767 103.527 0.577 60.047 0.357 -1899.503
-31.191 0.714 101.887 0.479 60.769 0.329 -2156.910
---
-64.784 1.299 152.710 0.675 68.567 0.432 -499.945
-62.700 0.913 151.622 0.570 67.370 0.369 -504.985
-61.093 1.044 150.541 0.600 66.322 0.388 -510.274
-59.086 0.937 149.350 0.590 65.204 0.404 -516.451
-57.396 1.108 148.208 0.605 64.209 0.390 -522.726
-55.631 1.030 147.088 0.534 63.198 0.374 -529.239
-54.296 1.060 145.619 0.632 62.314 0.404 -538.347
-52.366 0.995 144.406 0.605 61.347 0.390 -546.387
-51.107 0.866 142.919 0.687 60.548 0.301 -556.920
-49.563 1.019 141.392 0.634 59.790 0.364 -568.570
-48.228 0.917 139.911 0.640 59.032 0.335 -580.748
-47.198 0.960 138.186 0.655 58.429 0.325 -596.127
-45.664 1.053 136.647 0.743 57.866 0.351 -611.022
-44.475 0.977 134.999 0.626 57.329 0.338 -628.346
-43.444 0.984 133.273 0.655 56.896 0.301 -648.164
-42.398 0.887 131.452 0.716 56.471 0.299 -671.154
-41.096 0.876 129.563 0.581 56.114 0.335 -697.571
-40.245 0.854 127.868 0.666 55.908 0.309 -723.803
-39.346 0.827 126.121 0.622 55.713 0.299 -753.693
-38.398 0.830 124.164 0.609 55.580 0.305 -791.190
-37.417 0.879 122.260 0.678 55.601 0.299 -832.392
-36.525 0.832 120.418 0.616 55.605 0.314 -877.539
-35.742 0.834 118.408 0.627 55.723 0.318 -933.890
-34.888 0.852 116.552 0.521 55.893 0.299 -993.936
-34.272 0.760 114.697 0.584 56.210 0.295 -1063.397
-33.627 0.742 112.917 0.612 56.497 0.305 -1140.981
-32.636 0.788 110.933 0.503 56.865 0.286 -1243.604
-32.153 0.743 109.124 0.541 57.366 0.341 -1356.142
-31.393 0.727 107.314 0.501 57.826 0.317 -1492.937
-30.690 0.773 105.422 0.498 58.459 0.352 -1670.746
-30.023 0.802 103.717 0.489 59.033 0.330 -1873.653
-29.438 0.749 102.107 0.512 59.671 0.262 -2118.393
---
-63.056 1.254 153.884 0.608 67.592 0.420 -494.819
-61.061 0.922 152.897 0.678 66.545 0.365 -499.109
-58.996 1.314 151.806 0.677 65.332 0.373 -504.112
-57.222 1.204 150.752 0.550 64.322 0.404 -509.221
-55.013 1.236 149.637 0.578 63.243 0.351 -514.929
-53.426 1.228 148.242 0.615 62.245 0.429 -522.537
-52.150 1.272 146.713 0.610 61.334 0.356 -531.502
-50.495 1.156 145.584 0.634 60.434 0.353 -538.572
-48.999 1.175 144.039 0.619 59.631 0.358 -548.914
-47.574 0.934 142.558 0.669 58.791 0.288 -559.597
-46.127 0.968 141.029 0.566 58.117 0.333 -571.471
-44.676 1.108 139.393 0.654 57.429 0.327 -585.228
-43.931 0.984 137.697 0.606 56.915 0.330 -600.730
-42.594 0.964 135.923 0.594 56.360 0.337 -618.455
-41.513 1.016 134.180 0.654 55.879 0.316 -637.520
-40.343 0.935 132.348 0.608 55.499 0.302 -659.556
-39.188 0.927 130.479 0.692 55.125 0.297 -684.414
-38.242 0.877 128.800 0.719 54.910 0.304 -709.055
-37.272 0.995 126.834 0.655 54.694 0.287 -741.115
-36.508 0.850 124.880 0.602 54.660 0.281 -776.941
-35.404 0.811 122.929 0.729 54.546 0.279 -817.339
-34.586 0.784 120.886 0.645 54.598 0.272 -865.533
-33.791 0.848 119.097 0.698 54.659 0.285 -913.655
-33.008 0.883 117.088 0.646 54.920 0.300 -975.714
-32.407 0.822 115.191 0.648 55.153 0.281 -1043.833
-31.477 0.737 113.356 0.600 55.423 0.281 -1120.697
-30.868 0.747 111.251 0.537 55.889 0.293 -1225.811
-30.238 0.767 109.435 0.533 56.324 0.290 -1335.289
-29.579 0.744 107.509 0.494 56.893 0.296 -1476.773
-28.977 0.684 105.754 0.576 57.490 0.333 -1636.432
-28.409 0.785 103.998 0.507 58.119 0.333 -1836.759
-27.877 0.731 102.290 0.495 58.792 0.331 -2087.341
---
-60.831 1.598 155.379 0.537 66.800 0.452 -488.735
-59.063 1.187 154.244 0.696 65.670 0.345 -493.309
-56.863 1.373 153.141 0.669 64.586 0.371 -498.025
-55.057 1.186 152.013 0.740 63.538 0.323 -503.141
-53.310 1.339 150.788 0.689 62.455 0.374 -509.040
-51.675 1.179 149.447 0.633 61.460 0.349 -515.935
-49.763 1.119 147.926 0.675 60.421 0.320 -524.331
-48.239 1.288 146.774 0.755 59.571 0.337 -531.134
-46.851 1.196 145.087 0.626 58.728 0.329 -541.817
-45.432 1.092 143.610 0.718 57.948 0.354 -551.928
-44.044 0.980 142.148 0.678 57.181 0.293 -562.695
-42.769 1.154 140.326 0.627 56.576 0.301 -577.248
-41.557 0.936 138.699 0.729 55.941 0.283 -591.410
-40.362 0.933 136.846 0.762 55.381 0.252 -609.031
-39.289 0.938 135.083 0.795 54.913 0.304 -627.424
-38.104 0.934 133.172 0.620 54.537 0.281 -649.384
-37.050 0.920 131.502 0.607 54.192 0.300 -670.493
-35.990 0.971 129.487 0.700 53.923 0.280 -698.684
-35.266 1.026 127.520 0.703 53.804 0.263 -729.506
-34.155 0.906 125.632 0.690 53.647 0.267 -762.637
-33.502 0.897 123.660 0.680 53.625 0.252 -801.597
-32.675 0.769 121.613 0.674 53.658 0.249 -847.608
-31.938 0.872 119.515 0.593 53.762 0.256 -901.859
-31.067 0.836 117.607 0.666 53.907 0.280 -958.777
-30.422 0.815 115.590 0.612 54.243 0.282 -1028.640
-29.633 0.809 113.722 0.568 54.512 0.288 -1104.400
-28.854 0.765 111.675 0.685 54.938 0.291 -1202.938
-28.241 0.808 109.820 0.569 55.400 0.291 -1310.354
-27.760 0.758 107.915 0.568 55.937 0.277 -1444.414
-27.173 0.764 106.022 0.531 56.526 0.306 -1609.756
-26.712 0.745 104.304 0.500 57.158 0.299 -1798.294
-26.206 0.648 102.538 0.531 57.938 0.338 -2046.660
---
-59.027 1.462 156.551 0.630 66.235 0.411 -484.297
-56.621 1.217 155.490 0.703 64.894 0.396 -488.301
-54.969 1.382 154.504 0.537 63.888 0.457 -492.235
-53.042 1.218 153.282 0.634 62.796 0.346 -497.409
-51.107 1.214 151.967 0.667 61.709 0.351 -503.357
-49.307 1.400 150.635 0.618 60.679 0.362 -509.805
-47.422 1.401 149.161 0.700 59.639 0.384 -517.463
-45.895 1.197 147.958 0.664 58.794 0.320 -524.152
-44.535 1.177 146.397 0.702 57.914 0.342 -533.440
-43.024 1.141 144.649 0.710 57.117 0.291 -544.740
-41.678 1.130 143.262 0.637 56.413 0.298 -554.421
-40.615 1.053 141.439 0.732 55.783 0.299 -568.198
-39.398 1.094 139.770 0.749 55.159 0.281 -581.957
-37.984 1.160 137.787 0.719 54.497 0.316 -599.876
-36.910 1.082 135.998 0.675 54.037 0.312 -617.666
-35.931 1.038 134.110 0.682 53.660 0.259 -638.323
-35.012 0.976 132.099 0.660 53.328 0.271 -662.724
-33.964 0.945 130.208 0.677 53.087 0.228 -688.232
-32.925 0.953 128.252 0.666 52.858 0.261 -717.632
-32.289 0.976 126.331 0.707 52.790 0.242 -749.938
-31.281 0.835 124.250 0.673 52.723 0.229 -789.433
-30.504 0.837 122.184 0.633 52.755 0.235 -834.158
-29.881 0.895 120.105 0.702 52.887 0.262 -885.779
-28.840 0.869 118.084 0.624 53.017 0.265 -943.783
-28.298 0.866 116.043 0.680 53.303 0.274 -1011.975
-27.636 0.777 114.024 0.611 53.643 0.266 -1091.336
-26.985 0.876 112.111 0.694 54.044 0.290 -1180.387
-26.582 0.886 110.166 0.536 54.535 0.290 -1288.782
-25.772 0.923 108.089 0.645 55.114 0.318 -1430.983
-25.273 0.707 106.216 0.594 55.707 0.283 -1591.031
-24.770 0.777 104.391 0.526 56.375 0.307 -1787.706
-24.272 0.731 102.710 0.520 57.066 0.298 -2019.392
---
-56.675 1.448 158.055 0.660 65.527 0.379 -479.009
-54.515 1.549 156.889 0.643 64.308 0.348 -483.067
-52.304 1.516 155.715 0.640 63.165 0.431 -487.433
-50.115 1.421 154.606 0.635 62.046 0.347 -491.818
-48.057 1.440 153.133 0.646 60.949 0.380 -498.064
-46.684 1.438 151.900 0.685 59.913 0.422 -503.669
-45.119 1.482 150.570 0.620 59.026 0.336 -510.130
-43.680 1.287 148.897 0.587 58.089 0.320 -518.896
-41.897 1.146 147.476 0.678 57.186 0.304 -526.941
-40.770 1.316 145.886 0.677 56.367 0.300 -536.646
-39.072 1.257 143.918 0.713 55.604 0.299 -549.755
-37.832 1.085 142.385 0.690 54.916 0.258 -560.896
-36.597 1.269 140.495 0.712 54.290 0.270 -575.836
-35.453 1.166 138.732 0.739 53.767 0.268 -591.116
-34.590 1.056 136.936 0.706 53.281 0.277 -608.133
-33.451 1.067 134.957 0.687 52.824 0.249 -628.808
-32.293 1.077 132.978 0.651 52.461 0.249 -651.739
-31.368 1.071 131.046 0.772 52.175 0.232 -676.607
-30.537 1.054 128.861 0.756 52.004 0.224 -708.127
-29.948 0.980 126.827 0.684 51.909 0.239 -741.237
-28.975 0.984 124.888 0.695 51.851 0.215 -776.792
-28.273 0.913 122.799 0.726 51.898 0.227 -820.215
-27.377 0.961 120.746 0.622 51.995 0.250 -869.067
-26.954 0.942 118.624 0.710 52.219 0.257 -927.445
-26.231 0.843 116.545 0.653 52.460 0.233 -994.166
-25.466 0.815 114.430 0.717 52.780 0.261 -1074.266
-24.998 0.823 112.538 0.569 53.211 0.265 -1159.150
-24.339 0.869 110.361 0.592 53.746 0.268 -1276.951
-23.851 0.920 108.489 0.629 54.272 0.282 -1401.054
-23.260 0.778 106.512 0.610 54.903 0.291 -1563.224
-22.916 0.773 104.567 0.535 55.651 0.318 -1766.574
-22.364 0.757 102.758 0.531 56.333 0.303 -2011.866
---
-53.949 1.540 159.252 0.676 64.850 0.359 -475.112
-51.696 1.491 158.298 0.690 63.771 0.371 -478.195
-49.710 1.631 157.025 0.554 62.544 0.403 -482.581
-47.497 1.362 155.920 0.602 61.405 0.381 -486.652
-45.594 1.389 154.464 0.668 60.302 0.353 -492.399
-43.730 1.525 152.971 0.699 59.238 0.369 -498.779
-41.952 1.488 151.728 0.591 58.294 0.325 -504.480
-40.605 1.455 150.144 0.599 57.365 0.304 -512.293
-38.913 1.474 148.522 0.764 56.394 0.339 -520.963
-37.719 1.428 147.003 0.726 55.686 0.312 -529.749
-36.277 1.303 145.159 0.687 54.906 0.310 -541.338
-34.918 1.094 143.374 0.615 54.153 0.272 -553.614
-33.815 1.186 141.534 0.771 53.524 0.266 -567.446
-32.848 1.298 139.773 0.721 52.973 0.242 -581.929
-31.597 1.066 137.719 0.712 52.445 0.229 -600.523
-30.825 1.104 135.793 0.718 52.061 0.255 -619.820
-30.018 0.998 133.626 0.776 51.709 0.224 -643.963
-29.030 1.041 131.714 0.724 51.466 0.209 -667.709
-28.022 1.060 129.672 0.707 51.215 0.226 -695.967
-27.367 1.070 127.511 0.676 51.120 0.218 -729.659
-26.717 1.034 125.457 0.708 51.079 0.219 -765.910
-26.003 1.023 123.300 0.670 51.105 0.212 -809.266
-25.292 0.921 121.205 0.720 51.261 0.216 -857.542
-24.715 0.891 118.994 0.706 51.443 0.236 -916.611
-24.082 0.893 116.838 0.692 51.756 0.234 -984.115
-23.371 0.908 114.875 0.603 52.032 0.242 -1056.240
-22.666 0.820 112.764 0.611 52.446 0.243 -1148.262
-22.349 0.884 110.777 0.638 52.962 0.246 -1252.500
-21.945 0.774 108.738 0.566 53.545 0.252 -1383.040
-21.306 0.709 106.824 0.594 54.090 0.239 -1535.104
-20.734 0.822 104.856 0.538 54.804 0.285 -1732.876
-20.524 0.753 102.922 0.565 55.639 0.295 -1986.765
---
-50.764 2.000 160.672 0.658 64.356 0.376 -470.837
-48.691 1.729 159.463 0.775 63.147 0.403 -474.452
-46.467 1.854 158.298 0.627 62.007 0.385 -478.194
-44.537 1.937 156.951 0.759 60.878 0.391 -482.845
-42.297 1.646 155.589 0.666 59.652 0.356 -487.916
-40.649 1.508 154.042 0.710 58.620 0.375 -494.153
-39.071 1.527 152.727 0.593 57.701 0.367 -499.869
-37.361 1.413 151.355 0.687 56.754 0.324 -506.263
-36.215 1.422 149.616 0.715 55.837 0.303 -515.035
-34.854 1.364 147.826 0.627 55.035 0.282 -524.907
-33.514 1.427 146.141 0.803 54.230 0.301 -535.036
-32.072 1.391 144.262 0.731 53.493 0.282 -547.371
-31.192 1.185 142.343 0.688 52.836 0.242 -561.208
-30.000 1.466 140.590 0.766 52.310 0.236 -575.055
-29.001 1.256 138.623 0.725 51.802 0.222 -592.103
-28.025 1.188 136.521 0.691 51.370 0.211 -612.295
-27.360 1.164 134.476 0.692 51.057 0.224 -634.164
-26.325 1.053 132.307 0.734 50.714 0.196 -660.071
-25.513 1.101 130.345 0.791 50.527 0.196 -686.300
-24.997 1.075 128.097 0.692 50.441 0.202 -720.106
-24.104 0.938 125.941 0.699 50.361 0.195 -756.969
-23.515 1.036 123.769 0.762 50.432 0.192 -799.322
-22.988 0.938 121.664 0.725 50.542 0.206 -846.389
-22.268 0.898 119.282 0.675 50.762 0.182 -908.393
-21.729 0.897 117.293 0.686 51.002 0.214 -968.936
-20.951 0.832 115.156 0.655 51.349 0.215 -1045.197
-20.658 0.922 113.205 0.613 51.762 0.228 -1127.587
-20.250 0.829 110.963 0.640 52.301 0.222 -1241.854
-19.718 0.844 109.040 0.609 52.837 0.240 -1361.937
-19.265 0.821 106.947 0.557 53.500 0.273 -1524.266
-18.752 0.792 105.119 0.548 54.134 0.254 -1703.430
-18.262 0.823 103.119 0.536 54.930 0.277 -1957.430
---
-47.105 2.377 161.764 0.652 63.770 0.418 -467.794
-44.976 1.990 160.703 0.608 62.589 0.379 -470.748
-42.741 1.815 159.446 0.641 61.381 0.370 -474.507
-40.777 1.692 158.209 0.614 60.301 0.329 -478.492
-38.820 1.717 156.728 0.706 59.178 0.325 -483.650
-37.207 1.621 155.402 0.626 58.151 0.334 -488.645
-35.196 1.542 153.848 0.726 57.067 0.292 -494.972
-34.091 1.395 152.284 0.682 56.158 0.306 -501.884
-32.692 1.575 150.573 0.657 55.268 0.300 -510.112
-31.425 1.472 148.975 0.708 54.423 0.279 -518.470
-30.410 1.561 147.071 0.702 53.659 0.275 -529.340
-28.785 1.308 145.123 0.788 52.854 0.228 -541.579
-27.949 1.373 143.276 0.791 52.256 0.244 -554.319
-27.007 1.304 141.422 0.763 51.711 0.227 -568.333
-26.022 1.257 139.354 0.685 51.141 0.207 -585.569
-25.313 1.203 137.416 0.698 50.766 0.197 -603.430
-24.376 1.134 135.153 0.673 50.388 0.212 -626.659
-23.614 1.199 133.042 0.717 50.106 0.184 -650.959
-22.968 1.073 130.856 0.718 49.911 0.184 -679.193
-22.332 1.086 128.728 0.702 49.793 0.175 -710.177
-21.560 1.169 126.466 0.711 49.743 0.166 -747.551
-21.076 0.991 124.313 0.760 49.783 0.194 -788.174
-20.294 1.086 122.111 0.724 49.875 0.180 -835.833
-19.955 0.977 119.830 0.721 50.122 0.181 -893.185
-19.354 0.991 117.609 0.619 50.387 0.190 -958.722
-18.986 0.885 115.493 0.689 50.741 0.204 -1032.282
-18.558 0.980 113.429 0.650 51.156 0.203 -1117.408
-17.822 0.898 111.308 0.690 51.641 0.247 -1222.681
-17.481 0.915 109.139 0.618 52.246 0.226 -1355.156
-17.089 0.854 107.132 0.557 52.912 0.250 -1508.251
-16.723 0.824 105.172 0.537 53.599 0.254 -1697.671
-16.425 0.809 103.174 0.540 54.427 0.281 -1949.479
---
-42.766 2.252 163.119 0.578 63.388 0.424 -464.306
-40.550 2.092 161.896 0.690 62.119 0.357 -467.440
-38.453 1.556 160.509 0.668 60.908 0.307 -471.309
-36.762 1.865 159.151 0.606 59.770 0.329 -475.430
-34.405 1.475 157.720 0.678 58.563 0.294 -480.147
-33.403 1.397 156.301 0.688 57.630 0.247 -485.218
-32.064 1.508 154.709 0.695 56.652 0.315 -491.399
-30.122 1.478 153.065 0.696 55.607 0.257 -498.362
-29.005 1.512 151.618 0.709 54.728 0.300 -505.002
-27.728 1.627 149.758 0.734 53.857 0.280 -514.294
-26.491 1.489 147.777 0.723 53.071 0.251 -525.190
-25.491 1.378 146.052 0.721 52.384 0.236 -535.593
-24.743 1.419 143.988 0.792 51.688 0.245 -549.269
-23.832 1.158 142.037 0.832 51.138 0.225 -563.543
-23.027 1.270 140.086 0.754 50.625 0.191 -579.259
-22.063 1.366 137.839 0.655 50.156 0.199 -599.383
-21.337 1.120 135.810 0.741 49.827 0.166 -619.640
-20.955 1.056 133.640 0.805 49.574 0.145 -643.796
-20.032 1.268 131.342 0.788 49.320 0.169 -672.621
-19.423 1.028 129.091 0.752 49.202 0.148 -704.626
-18.985 1.085 126.926 0.716 49.188 0.159 -739.528
-18.393 1.128 124.809 0.714 49.221 0.152 -778.314
-17.967 1.005 122.396 0.658 49.352 0.159 -829.288
-17.256 0.968 120.196 0.740 49.514 0.163 -883.384
-16.912 0.978 118.095 0.710 49.777 0.179 -943.432
-16.481 0.986 115.812 0.619 50.178 0.177 -1020.393
-16.138 0.891 113.668 0.675 50.607 0.204 -1106.775
-15.766 0.870 111.396 0.617 51.152 0.195 -1217.886
-15.287 0.892 109.422 0.651 51.682 0.228 -1336.140
-14.930 0.763 107.373 0.619 52.339 0.240 -1487.975
-14.575 0.953 105.413 0.581 53.025 0.263 -1671.698
-14.295 0.898 103.434 0.572 53.861 0.249 -1912.364
---
-38.057 2.228 164.144 0.599 62.936 0.325 -461.873
-36.405 1.924 162.889 0.587 61.739 0.368 -464.876
-34.458 2.211 161.532 0.750 60.610 0.346 -468.423
-32.207 1.992 160.236 0.612 59.330 0.309 -472.111
-30.151 1.784 158.876 0.673 58.262 0.319 -476.305
-29.332 1.812 157.255 0.637 57.250 0.328 -481.766
-27.573 1.743 155.607 0.737 56.176 0.298 -487.848
-26.294 1.683 154.050 0.733 55.200 0.306 -494.117
-25.046 1.712 152.162 0.689 54.222 0.299 -502.450
-24.057 1.564 150.565 0.736 53.441 0.272 -510.155
-22.960 1.539 148.594 0.796 52.613 0.228 -520.565
-22.070 1.380 146.677 0.833 51.876 0.213 -531.720
-21.255 1.272 144.717 0.835 51.232 0.208 -544.278
-20.455 1.429 142.786 0.799 50.668 0.202 -557.898
-19.863 1.339 140.663 0.814 50.169 0.162 -574.456
-19.003 1.301 138.573 0.775 49.703 0.175 -592.562
-18.599 1.182 136.270 0.680 49.374 0.156 -614.855
-17.958 1.281 134.218 0.817 49.069 0.149 -637.089
-17.344 1.103 132.033 0.767 48.865 0.143 -663.566
-16.697 1.093 129.556 0.745 48.714 0.133 -697.667
-16.167 1.100 127.280 0.719 48.686 0.126 -733.511
-15.715 1.038 125.058 0.758 48.734 0.124 -773.499
-15.101 1.008 122.760 0.727 48.836 0.130 -821.073
-14.943 1.073 120.565 0.698 49.047 0.149 -873.724
-14.372 0.960 118.236 0.710 49.331 0.166 -939.121
-14.187 0.996 116.090 0.695 49.711 0.166 -1010.287
-13.786 0.988 113.936 0.673 50.135 0.183 -1095.117
-13.426 0.899 111.739 0.653 50.638 0.203 -1199.559
-13.024 0.894 109.601 0.599 51.229 0.211 -1324.426
-12.596 0.840 107.503 0.588 51.884 0.220 -1477.302
-12.479 0.905 105.494 0.617 52.617 0.256 -1663.175
-12.087 0.798 103.496 0.563 53.421 0.242 -1903.786
---
-33.581 2.633 165.217 0.651 62.818 0.391 -459.510
-30.043 2.244 163.849 0.671 61.358 0.384 -462.556
-28.926 2.340 162.514 0.484 60.190 0.352 -465.827
-26.991 1.761 161.092 0.661 59.042 0.352 -469.641
-25.526 2.261 159.608 0.642 57.882 0.357 -474.005
-24.336 1.903 158.057 0.653 56.853 0.337 -479.002
-23.325 1.803 156.494 0.612 55.843 0.312 -484.504
-22.147 1.866 154.739 0.752 54.843 0.274 -491.281
-20.906 1.779 153.068 0.699 53.957 0.252 -498.349
-19.880 1.627 151.267 0.699 53.055 0.253 -506.691
-19.126 1.595 149.331 0.762 52.264 0.240 -516.549
-18.207 1.438 147.340 0.812 51.512 0.226 -527.740
-17.529 1.372 145.301 0.736 50.852 0.225 -540.407
-16.838 1.409 143.292 0.800 50.252 0.200 -554.202
-16.461 1.213 141.306 0.730 49.753 0.166 -569.257
-15.661 1.416 139.083 0.834 49.285 0.143 -587.960
-15.300 1.243 136.743 0.816 48.937 0.151 -610.058
-14.707 1.186 134.581 0.751 48.637 0.134 -632.981
-14.274 1.314 132.355 0.777 48.443 0.128 -659.473
-13.747 1.144 129.985 0.761 48.309 0.112 -691.423
-13.375 1.091 127.809 0.730 48.267 0.103 -724.753
-12.980 1.055 125.345 0.758 48.315 0.107 -768.028
-12.683 1.025 123.046 0.832 48.458 0.126 -814.760
-12.017 1.029 120.832 0.674 48.635 0.137 -866.882
-11.933 0.987 118.512 0.687 48.927 0.145 -930.790
-11.429 0.970 116.217 0.732 49.298 0.163 -1005.706
-11.384 0.798 114.118 0.688 49.726 0.172 -1087.315
-11.018 0.925 112.051 0.688 50.220 0.184 -1183.420
-10.702 0.913 109.827 0.680 50.803 0.227 -1309.941
-10.499 0.964 107.648 0.645 51.510 0.229 -1465.548
-10.295 0.822 105.597 0.568 52.241 0.229 -1652.478
-9.992 0.881 103.626 0.610 53.038 0.261 -1885.907
---
-26.460 2.261 165.990 0.640 62.417 0.356 -457.921
-25.128 2.626 164.644 0.587 61.213 0.389 -460.748
-23.060 2.386 163.264 0.546 59.992 0.347 -463.952
-21.970 2.591 161.815 0.748 58.750 0.365 -467.658
-20.047 2.256 160.280 0.672 57.664 0.342 -471.981
-18.795 1.853 158.822 0.662 56.560 0.293 -476.479
-18.412 1.830 157.072 0.646 55.535 0.292 -482.413
-17.056 1.804 155.403 0.629 54.550 0.274 -488.639
-16.548 1.971 153.659 0.786 53.638 0.287 -495.775
-16.006 1.599 151.777 0.732 52.782 0.257 -504.246
-15.156 1.636 150.065 0.743 52.011 0.241 -512.699
-14.379 1.540 148.162 0.675 51.250 0.210 -522.987
-13.805 1.502 145.949 0.770 50.559 0.191 -536.244
-13.159 1.243 143.833 0.728 49.940 0.183 -550.354
-13.038 1.367 141.774 0.842 49.458 0.161 -565.572
-12.415 1.215 139.365 0.792 48.971 0.132 -585.477
-11.909 1.245 137.259 0.777 48.617 0.130 -604.960
-11.691 1.160 135.102 0.777 48.338 0.112 -627.223
-11.440 1.250 132.659 0.791 48.125 0.097 -655.669
-10.797 1.200 130.402 0.762 47.992 0.089 -685.489
-10.441 1.135 128.083 0.817 47.934 0.088 -720.333
-10.101 1.103 125.759 0.747 47.976 0.087 -760.297
-9.810 1.146 123.350 0.779 48.107 0.097 -808.187
-9.597 1.081 121.198 0.687 48.291 0.105 -857.722
-9.216 0.956 118.747 0.724 48.589 0.117 -923.796
-9.015 1.013 116.480 0.708 48.961 0.138 -996.430
-8.828 0.933 114.171 0.706 49.426 0.159 -1085.092
-8.835 0.984 112.112 0.634 49.922 0.168 -1180.344
-8.360 0.985 109.999 0.639 50.501 0.183 -1299.112
-8.046 0.854 107.813 0.642 51.167 0.210 -1452.361
-7.860 0.934 105.616 0.584 51.945 0.217 -1650.557
-7.663 0.845 103.664 0.594 52.733 0.248 -1880.871
---
-20.730 2.691 166.431 0.590 62.098 0.335 -457.058
-18.585 2.812 165.469 0.721 61.047 0.371 -458.982
-17.009 2.412 163.915 0.601 59.757 0.348 -462.403
-15.497 2.672 162.522 0.714 58.582 0.375 -465.806
-15.155 2.005 160.878 0.588 57.450 0.313 -470.246
-14.140 2.025 159.193 0.685 56.289 0.293 -475.299
-13.211 1.956 157.550 0.728 55.254 0.279 -480.733
-12.669 2.030 155.864 0.615 54.307 0.278 -486.864
-12.342 1.806 154.119 0.652 53.394 0.264 -493.831
-11.573 1.783 152.250 0.693 52.543 0.252 -502.040
-10.764 1.947 150.378 0.784 51.728 0.230 -511.098
-10.363 1.553 148.354 0.716 50.975 0.201 -521.906
-10.098 1.500 146.246 0.790 50.310 0.205 -534.380
-9.538 1.597 144.076 0.804 49.692 0.173 -548.656
-9.236 1.375 142.135 0.790 49.203 0.155 -562.789
-9.081 1.426 139.756 0.763 48.729 0.126 -582.076
-8.384 1.377 137.511 0.779 48.339 0.110 -602.517
-8.208 1.218 135.263 0.765 48.064 0.099 -625.475
-8.153 1.288 132.974 0.699 47.865 0.075 -651.791
-7.799 1.190 130.604 0.731 47.738 0.060 -682.675
-7.514 1.105 128.323 0.735 47.688 0.063 -716.498
-7.086 1.049 125.935 0.787 47.723 0.064 -757.078
-7.059 1.089 123.633 0.730 47.846 0.075 -802.166
-6.778 1.043 121.233 0.742 48.059 0.094 -856.871
-6.796 1.045 118.914 0.753 48.365 0.115 -918.923
-6.309 0.954 116.608 0.742 48.718 0.130 -991.991
-6.346 0.979 114.341 0.688 49.173 0.155 -1077.947
-6.206 0.896 112.134 0.645 49.692 0.158 -1179.210
-5.992 0.899 109.868 0.620 50.312 0.185 -1307.351
-5.838 0.859 107.929 0.595 50.939 0.196 -1443.297
-5.777 0.881 105.771 0.578 51.707 0.235 -1634.692
-5.653 0.901 103.742 0.583 52.513 0.240 -1870.344
---
-11.937 3.014 167.272 0.574 62.122 0.371 -455.493
-10.578 2.727 165.773 0.562 60.817 0.341 -458.357
-10.578 2.767 164.380 0.538 59.647 0.358 -461.337
-9.433 2.417 162.873 0.562 58.492 0.340 -464.917
-9.175 2.180 161.262 0.624 57.273 0.331 -469.166
-8.856 2.208 159.588 0.697 56.198 0.324 -474.066
-8.319 2.010 158.002 0.745 55.181 0.287 -479.187
-7.735 1.797 156.243 0.724 54.189 0.287 -485.435
-7.075 1.943 154.506 0.644 53.256 0.252 -492.227
-6.884 1.730 152.516 0.754 52.361 0.251 -500.824
-6.599 1.712 150.768 0.757 51.623 0.228 -509.137
-6.570 1.673 148.669 0.754 50.863 0.210 -520.147
-6.192 1.611 146.536 0.848 50.157 0.178 -532.583
-5.899 1.472 144.287 0.717 49.528 0.157 -547.200
-5.548 1.429 142.245 0.850 49.031 0.150 -561.955
-5.590 1.284 140.045 0.811 48.577 0.132 -579.611
-5.165 1.407 137.699 0.859 48.186 0.109 -600.714
-5.031 1.260 135.453 0.829 47.907 0.081 -623.424
-4.963 1.195 133.088 0.822 47.694 0.063 -650.396
-4.521 1.158 130.780 0.798 47.561 0.043 -680.240
-4.521 1.246 128.328 0.809 47.525 0.038 -716.422
-4.374 1.117 125.996 0.811 47.566 0.045 -755.960
-4.182 1.091 123.687 0.732 47.688 0.063 -801.035
-4.079 1.010 121.309 0.806 47.898 0.085 -855.005
-3.951 0.999 119.025 0.716 48.183 0.100 -915.719
-3.792 0.956 116.739 0.739 48.552 0.126 -987.497
-3.707 1.031 114.577 0.733 48.988 0.147 -1068.257
-3.783 0.905 112.134 0.628 49.547 0.165 -1179.224
-3.661 0.993 110.014 0.653 50.138 0.186 -1298.181
-3.629 0.957 107.976 0.641 50.773 0.208 -1439.664
-3.470 0.853 105.799 0.633 51.550 0.223 -1631.861
-3.393 0.747 103.723 0.598 52.372 0.244 -1872.829
---
-3.661 3.293 167.325 0.535 61.983 0.392 -455.397
-3.742 2.803 166.056 0.554 60.799 0.348 -457.790
-3.414 2.936 164.572 0.645 59.581 0.358 -460.908
-3.112 2.670 163.097 0.664 58.414 0.316 -464.362
-2.367 2.217 161.453 0.617 57.289 0.316 -468.641
-3.059 2.452 159.788 0.671 56.114 0.306 -473.456
-3.181 1.695 158.139 0.630 55.129 0.284 -478.727
-2.722 2.071 156.506 0.613 54.137 0.270 -484.460
-2.716 1.878 154.567 0.767 53.155 0.273 -491.981
-2.109 1.502 152.802 0.764 52.323 0.229 -499.530
-2.218 1.638 150.640 0.668 51.481 0.207 -509.779
-2.053 1.566 148.785 0.796 50.770 0.202 -519.508
-2.108 1.387 146.720 0.724 50.090 0.184 -531.463
-1.995 1.303 144.558 0.813 49.481 0.171 -545.353
-2.041 1.350 142.389 0.765 48.941 0.127 -560.861
-1.700 1.251 140.043 0.853 48.470 0.126 -579.626
-1.680 1.236 137.857 0.805 48.118 0.097 -599.218
-1.580 1.220 135.561 0.775 47.820 0.075 -622.274
-1.547 1.203 133.221 0.773 47.611 0.051 -648.794
-1.551 1.092 130.798 0.752 47.479 0.028 -679.992
-1.343 1.175 128.400 0.774 47.436 0.012 -715.287
-1.483 1.154 125.968 0.788 47.481 0.027 -756.472
-1.389 1.084 123.771 0.804 47.605 0.053 -799.276
-1.386 1.039 121.384 0.695 47.816 0.068 -853.169
-1.337 1.017 119.057 0.733 48.107 0.098 -914.813
-1.151 0.905 116.704 0.702 48.482 0.121 -988.699
-1.136 0.998 114.547 0.749 48.918 0.146 -1069.484
-1.275 0.894 112.161 0.638 49.469 0.166 -1177.846
-1.164 0.940 110.121 0.621 50.038 0.183 -1291.530
-1.358 0.910 107.916 0.632 50.731 0.209 -1444.330
-1.297 0.806 105.956 0.582 51.426 0.210 -1616.234
-1.088 0.842 103.784 0.581 52.278 0.233 -1864.746
---
4.250 2.651 167.371 0.594 62.016 0.378 -455.316
4.046 2.937 166.054 0.570 60.754 0.377 -457.795
3.342 2.806 164.661 0.638 59.557 0.340 -460.712
2.937 2.105 163.098 0.762 58.411 0.362 -464.359
3.106 2.160 161.500 0.678 57.282 0.332 -468.510
3.195 1.996 159.826 0.647 56.144 0.267 -473.339
2.991 2.135 158.127 0.704 55.099 0.293 -478.765
2.733 1.928 156.365 0.697 54.139 0.285 -484.981
2.731 1.914 154.634 0.644 53.206 0.245 -491.706
2.249 1.786 152.614 0.720 52.292 0.242 -500.379
2.407 1.569 150.708 0.727 51.483 0.222 -509.438
2.264 1.606 148.681 0.751 50.744 0.216 -520.083
1.962 1.550 146.604 0.698 50.063 0.192 -532.171
2.053 1.429 144.432 0.778 49.472 0.152 -546.211
1.903 1.413 142.226 0.723 48.927 0.138 -562.095
1.907 1.270 140.137 0.732 48.495 0.118 -578.837
1.614 1.397 137.797 0.728 48.106 0.088 -599.779
1.612 1.292 135.525 0.871 47.818 0.073 -622.652
1.431 1.234 133.084 0.727 47.601 0.049 -650.447
1.590 1.220 130.826 0.755 47.479 0.027 -679.606
1.608 1.181 128.561 0.783 47.439 0.014 -712.760
1.416 1.161 126.185 0.744 47.476 0.026 -752.555
1.499 1.078 123.665 0.754 47.608 0.050 -801.508
1.455 1.029 121.313 0.757 47.816 0.075 -854.884
1.385 1.011 119.047 0.691 48.105 0.093 -915.097
1.268 0.942 116.678 0.718 48.490 0.123 -989.588
1.244 0.969 114.430 0.699 48.944 0.145 -1074.282
1.245 0.981 112.353 0.651 49.429 0.163 -1168.228
1.250 0.884 110.082 0.621 50.039 0.171 -1293.945
1.210 0.836 107.897 0.642 50.729 0.204 -1445.771
1.107 0.932 105.757 0.580 51.491 0.223 -1636.106
1.162 0.885 103.844 0.578 52.252 0.240 -1856.780
---
12.031 3.038 167.083 0.600 62.094 0.371 -455.835
11.135 2.843 165.905 0.609 60.914 0.368 -458.091
10.348 2.686 164.221 0.583 59.649 0.341 -461.698
10.615 2.545 162.855 0.630 58.421 0.335 -464.963
9.080 2.189 161.244 0.706 57.286 0.303 -469.217
8.519 2.234 159.613 0.602 56.183 0.297 -473.991
8.050 2.079 157.938 0.736 55.158 0.299 -479.402
7.522 1.999 156.146 0.683 54.188 0.274 -485.799
7.355 1.805 154.525 0.696 53.268 0.253 -492.151
6.933 1.846 152.384 0.676 52.345 0.233 -501.423
6.452 1.821 150.493 0.714 51.551 0.225 -510.518
6.388 1.545 148.669 0.781 50.868 0.205 -520.151
6.068 1.744 146.561 0.767 50.149 0.194 -532.431
5.926 1.327 144.411 0.750 49.562 0.174 -546.353
5.537 1.397 142.149 0.770 48.999 0.142 -562.680
5.368 1.424 139.963 0.794 48.559 0.126 -580.309
5.370 1.253 137.659 0.719 48.189 0.103 -601.094
5.144 1.302 135.464 0.768 47.905 0.083 -623.311
4.842 1.356 133.003 0.798 47.690 0.061 -651.430
4.569 1.268 130.778 0.756 47.563 0.047 -680.267
4.606 1.116 128.374 0.724 47.523 0.038 -715.702
4.397 1.125 126.111 0.741 47.558 0.042 -753.878
4.225 1.066 123.777 0.725 47.684 0.058 -799.163
4.149 1.057 121.469 0.753 47.884 0.082 -851.088
4.045 0.957 118.975 0.707 48.187 0.102 -917.177
3.924 1.003 116.768 0.695 48.550 0.122 -986.486
3.828 0.911 114.509 0.719 48.999 0.149 -1071.032
3.622 0.860 112.273 0.666 49.521 0.161 -1172.218
3.504 0.876 109.949 0.688 50.153 0.200 -1302.221
3.517 0.844 107.914 0.613 50.804 0.203 -1444.485
3.256 0.770 105.827 0.615 51.536 0.213 -1629.042
3.355 0.836 103.829 0.600 52.327 0.234 -1858.773
---
20.712 3.633 166.587 0.550 62.234 0.370 -456.760
18.521 2.597 165.293 0.640 60.964 0.363 -459.351
17.062 2.500 163.965 0.641 59.773 0.333 -462.286
16.086 2.117 162.454 0.624 58.599 0.342 -465.981
15.085 2.247 160.853 0.691 57.434 0.328 -470.317
14.110 2.144 159.322 0.717 56.382 0.328 -474.894
13.151 2.118 157.631 0.713 55.303 0.268 -480.451
12.790 2.055 155.917 0.710 54.347 0.272 -486.661
11.965 2.010 154.160 0.739 53.414 0.248 -493.659
11.556 1.618 152.315 0.731 52.540 0.256 -501.743
10.941 1.640 150.256 0.755 51.712 0.247 -511.718
10.831 1.571 148.296 0.784 51.004 0.203 -522.228
9.879 1.572 146.251 0.797 50.326 0.188 -534.351
9.608 1.300 144.141 0.874 49.708 0.176 -548.205
9.405 1.368 141.996 0.807 49.183 0.138 -563.853
8.845 1.300 139.734 0.775 48.728 0.135 -582.264
8.496 1.334 137.439 0.835 48.347 0.126 -603.215
8.233 1.379 135.235 0.679 48.068 0.096 -625.778
7.982 1.150 132.808 0.857 47.847 0.073 -653.824
7.694 1.189 130.574 0.745 47.724 0.064 -683.086
7.454 1.085 128.123 0.863 47.688 0.061 -719.684
7.339 1.165 125.884 0.752 47.737 0.068 -758.007
6.929 1.208 123.492 0.741 47.853 0.076 -805.163
6.950 1.084 121.291 0.800 48.064 0.089 -855.427
6.665 0.947 118.830 0.691 48.367 0.110 -921.386
6.529 1.068 116.699 0.687 48.707 0.138 -988.869
6.486 1.000 114.357 0.666 49.171 0.155 -1077.296
6.047 0.868 111.996 0.658 49.719 0.168 -1186.245
5.853 0.871 109.909 0.643 50.298 0.188 -1304.762
5.939 0.876 107.773 0.638 50.984 0.212 -1455.562
5.857 0.788 105.842 0.560 51.690 0.211 -1627.572
5.520 0.702 103.772 0.569 52.487 0.230 -1866.309
---
26.369 2.771 166.018 0.533 62.422 0.338 -457.866
25.033 2.201 164.806 0.678 61.224 0.364 -460.393
23.280 2.578 163.432 0.655 60.005 0.374 -463.545
21.997 2.074 161.775 0.660 58.781 0.364 -467.764
20.620 2.224 160.463 0.683 57.698 0.335 -471.444
19.520 2.042 158.770 0.689 56.560 0.322 -476.648
18.883 1.952 157.057 0.669 55.557 0.275 -482.467
17.449 1.948 155.420 0.690 54.553 0.283 -488.573
16.672 1.858 153.586 0.718 53.613 0.252 -496.090
15.826 1.649 151.808 0.633 52.773 0.271 -504.103
15.253 1.500 149.884 0.725 51.949 0.226 -513.636
14.554 1.374 147.810 0.772 51.217 0.215 -524.997
13.836 1.614 145.938 0.749 50.565 0.207 -536.313
13.465 1.484 143.796 0.750 49.960 0.181 -550.616
12.805 1.377 141.670 0.810 49.426 0.156 -566.386
12.356 1.299 139.485 0.691 48.989 0.140 -584.427
12.044 1.320 137.147 0.775 48.610 0.133 -606.051
11.587 1.344 134.910 0.823 48.323 0.104 -629.325
10.943 1.201 132.782 0.813 48.101 0.097 -654.138
10.755 1.141 130.390 0.778 47.983 0.088 -685.661
10.340 1.030 128.002 0.808 47.927 0.084 -721.624
10.252 1.119 125.693 0.684 47.978 0.085 -761.518
9.830 1.065 123.381 0.726 48.101 0.097 -807.511
9.617 0.935 121.052 0.801 48.318 0.116 -861.352
9.343 0.977 118.809 0.684 48.594 0.116 -922.006
9.159 0.842 116.454 0.768 48.979 0.144 -997.363
8.893 0.959 114.185 0.747 49.439 0.156 -1084.478
8.471 1.035 112.030 0.654 49.926 0.171 -1184.490
8.415 0.906 109.854 0.657 50.525 0.205 -1308.240
8.201 0.868 107.854 0.632 51.171 0.210 -1449.152
7.783 0.789 105.643 0.593 51.921 0.233 -1647.719
7.761 0.845 103.597 0.573 52.768 0.245 -1889.917
---
32.641 2.469 165.170 0.598 62.720 0.405 -459.611
30.850 2.361 163.831 0.554 61.371 0.374 -462.598
28.869 2.032 162.539 0.714 60.233 0.410 -465.761
27.178 2.024 160.952 0.632 58.970 0.358 -470.036
25.557 1.822 159.581 0.591 57.898 0.306 -474.088
24.643 2.091 158.048 0.606 56.887 0.312 -479.033
23.008 2.228 156.512 0.618 55.822 0.345 -484.439
22.382 1.616 154.915 0.726 54.897 0.299 -490.571
20.717 1.691 152.990 0.676 53.902 0.278 -498.695
20.281 1.471 151.146 0.818 53.076 0.256 -507.276
18.959 1.339 149.309 0.696 52.233 0.220 -516.669
18.314 1.769 147.386 0.718 51.514 0.239 -527.474
17.612 1.404 145.260 0.774 50.844 0.231 -540.676
17.248 1.389 143.138 0.737 50.269 0.178 -555.320
16.249 1.359 141.165 0.782 49.730 0.175 -570.381
15.823 1.326 138.923 0.734 49.299 0.166 -589.395
15.171 1.274 136.853 0.821 48.935 0.132 -608.966
14.773 1.213 134.624 0.740 48.646 0.142 -632.495
14.448 1.044 132.359 0.799 48.451 0.113 -659.420
13.947 1.066 129.958 0.761 48.328 0.107 -691.815
13.466 1.262 127.707 0.734 48.273 0.111 -726.434
12.907 1.082 125.489 0.801 48.315 0.114 -765.319
12.629 1.018 123.173 0.715 48.430 0.122 -812.000
12.251 1.008 120.969 0.706 48.627 0.127 -863.423
11.872 1.008 118.515 0.726 48.921 0.151 -930.702
11.448 0.980 116.261 0.620 49.292 0.140 -1004.161
11.232 0.982 113.997 0.705 49.742 0.198 -1092.494
11.170 1.006 111.839 0.620 50.267 0.173 -1194.354
10.638 0.920 109.687 0.690 50.857 0.228 -1318.892
10.420 0.942 107.647 0.682 51.511 0.243 -1465.630
10.296 0.875 105.611 0.601 52.228 0.253 -1651.075
9.901 0.832 103.591 0.551 53.026 0.247 -1890.716
---
38.292 2.259 164.121 0.707 63.081 0.358 -461.927
36.198 2.020 162.978 0.576 61.781 0.366 -464.655
34.329 1.926 161.517 0.598 60.491 0.335 -468.463
31.907 1.960 160.357 0.726 59.392 0.344 -471.754
30.574 1.861 158.821 0.692 58.262 0.327 -476.484
29.031 1.800 157.311 0.710 57.241 0.322 -481.568
27.674 1.794 155.648 0.735 56.163 0.304 -487.689
26.277 1.612 153.995 0.669 55.188 0.319 -494.351
25.308 1.505 152.385 0.722 54.324 0.317 -501.421
24.308 1.499 150.538 0.638 53.466 0.264 -510.292
23.031 1.677 148.620 0.758 52.627 0.257 -520.421
22.021 1.387 146.660 0.681 51.909 0.244 -531.826
21.286 1.367 144.901 0.739 51.270 0.225 -543.046
20.458 1.339 142.766 0.720 50.662 0.222 -558.049
19.740 1.145 140.588 0.737 50.135 0.180 -575.067
18.985 1.224 138.551 0.824 49.705 0.165 -592.762
18.499 1.191 136.225 0.777 49.356 0.140 -615.316
17.825 1.184 134.158 0.731 49.069 0.143 -637.780
17.143 1.116 131.938 0.700 48.852 0.146 -664.797
16.593 1.042 129.726 0.845 48.727 0.128 -695.180
16.132 1.069 127.353 0.705 48.679 0.132 -732.297
15.697 1.078 125.000 0.710 48.728 0.135 -774.608
15.211 1.069 122.905 0.698 48.819 0.127 -817.854
14.788 1.040 120.474 0.738 49.055 0.139 -876.078
14.311 0.937 118.317 0.680 49.324 0.160 -936.655
14.196 0.951 116.084 0.703 49.699 0.161 -1010.472
13.677 1.038 113.826 0.689 50.155 0.210 -1099.846
13.389 0.924 111.807 0.648 50.633 0.190 -1195.999
13.023 0.934 109.634 0.657 51.218 0.208 -1322.248
12.754 0.835 107.499 0.660 51.899 0.251 -1477.622
12.377 0.809 105.486 0.626 52.614 0.260 -1664.043
12.162 0.809 103.306 0.547 53.494 0.250 -1930.405
---
43.145 1.932 162.938 0.577 63.278 0.360 -464.754
41.290 1.923 161.863 0.676 62.226 0.360 -467.530
38.581 1.678 160.571 0.731 60.934 0.334 -471.129
36.948 1.713 159.203 0.690 59.866 0.354 -475.266
34.940 1.728 157.855 0.618 58.650 0.332 -479.686
33.292 1.868 156.364 0.576 57.613 0.327 -484.983
31.682 1.535 154.989 0.712 56.575 0.316 -490.274
30.710 1.312 153.187 0.599 55.656 0.283 -497.826
28.936 1.590 151.465 0.733 54.695 0.264 -505.736
27.936 1.364 149.725 0.803 53.840 0.259 -514.466
26.873 1.355 147.964 0.669 53.156 0.265 -524.117
25.753 1.384 146.037 0.658 52.391 0.245 -535.692
24.651 1.331 143.973 0.690 51.694 0.236 -549.370
23.947 1.175 142.057 0.763 51.133 0.211 -563.387
22.823 1.365 139.880 0.746 50.578 0.205 -581.013
22.311 1.148 137.852 0.801 50.191 0.183 -599.262
21.551 1.282 135.746 0.723 49.827 0.186 -620.312
20.587 1.105 133.747 0.770 49.536 0.169 -642.542
19.938 1.014 131.384 0.791 49.324 0.147 -672.060
19.408 1.080 129.268 0.796 49.215 0.154 -701.959
18.953 1.140 126.991 0.790 49.175 0.154 -738.412
18.287 1.092 124.642 0.650 49.195 0.163 -781.602
18.044 0.928 122.417 0.762 49.360 0.149 -828.790
17.362 0.890 120.247 0.700 49.534 0.163 -882.029
16.964 1.043 118.049 0.625 49.823 0.181 -944.865
16.560 0.880 115.747 0.653 50.196 0.176 -1022.801
16.162 0.887 113.620 0.683 50.636 0.194 -1108.895
15.610 0.862 111.473 0.678 51.130 0.233 -1213.744
15.359 0.905 109.310 0.656 51.735 0.235 -1343.570
14.842 0.735 107.342 0.623 52.335 0.258 -1490.601
14.741 0.931 105.365 0.582 53.092 0.234 -1676.829
14.296 0.792 103.478 0.546 53.821 0.262 -1906.252
---
47.525 1.875 161.613 0.582 63.858 0.346 -468.203
44.749 1.714 160.669 0.682 62.588 0.385 -470.847
42.530 2.068 159.351 0.639 61.366 0.385 -474.803
40.519 1.737 158.028 0.588 60.143 0.352 -479.098
39.003 1.710 156.666 0.752 59.227 0.353 -483.876
36.803 1.645 155.349 0.726 58.018 0.306 -488.850
35.580 1.537 153.987 0.768 57.168 0.280 -494.384
33.909 1.463 152.436 0.624 56.196 0.320 -501.190
32.620 1.533 150.612 0.692 55.225 0.279 -509.919
31.376 1.363 148.831 0.663 54.365 0.292 -519.257
30.032 1.366 147.092 0.707 53.601 0.274 -529.213
29.097 1.380 145.112 0.749 52.910 0.246 -541.653
27.982 1.296 143.423 0.744 52.271 0.254 -553.263
27.185 1.315 141.369 0.793 51.712 0.213 -568.751
26.081 1.313 139.369 0.730 51.171 0.219 -585.439
25.171 1.240 137.211 0.692 50.726 0.209 -605.427
24.412 1.169 135.212 0.743 50.394 0.200 -626.022
23.730 1.198 133.149 0.794 50.098 0.187 -649.658
22.987 1.126 130.830 0.791 49.941 0.175 -679.545
22.291 1.056 128.710 0.702 49.781 0.184 -710.443
21.629 1.102 126.525 0.672 49.754 0.178 -746.497
20.994 0.932 124.156 0.678 49.786 0.161 -791.346
20.475 0.954 121.987 0.750 49.926 0.188 -838.736
19.831 0.903 119.781 0.712 50.107 0.203 -894.539
19.372 0.875 117.772 0.702 50.340 0.211 -953.540
18.862 0.961 115.535 0.644 50.722 0.202 -1030.707
18.182 0.974 113.393 0.658 51.158 0.220 -1119.047
17.996 0.871 111.272 0.716 51.663 0.237 -1224.647
17.423 0.865 109.143 0.651 52.246 0.254 -1354.902
17.134 0.886 107.121 0.585 52.893 0.241 -1509.218
16.687 0.907 105.129 0.546 53.606 0.253 -1702.391
16.462 0.881 103.374 0.533 54.328 0.255 -1920.811
---
51.249 1.463 160.592 0.643 64.428 0.406 -471.068
48.043 1.988 159.655 0.642 63.089 0.379 -473.862
46.197 2.121 158.143 0.532 61.891 0.388 -478.713
44.347 1.512 156.898 0.602 60.811 0.368 -483.035
42.390 1.351 155.597 0.647 59.696 0.360 -487.886
40.416 1.593 154.251 0.651 58.633 0.364 -493.280
39.056 1.398 152.764 0.690 57.680 0.330 -499.702
37.570 1.639 151.114 0.741 56.748 0.325 -507.431
36.209 1.352 149.553 0.693 55.868 0.307 -515.368
34.726 1.490 147.753 0.690 54.956 0.298 -525.331
33.444 1.255 146.135 0.767 54.243 0.273 -535.072
32.409 1.200 144.413 0.700 53.524 0.265 -546.341
30.892 1.085 142.509 0.659 52.839 0.226 -559.960
30.092 1.200 140.445 0.674 52.311 0.230 -576.257
28.878 1.075 138.600 0.741 51.763 0.232 -592.313
28.309 1.079 136.566 0.690 51.410 0.213 -611.842
27.164 1.075 134.469 0.684 50.993 0.201 -634.241
26.420 1.144 132.333 0.744 50.753 0.189 -659.751
25.619 1.092 130.249 0.763 50.537 0.190 -687.654
24.874 1.147 128.132 0.781 50.413 0.207 -719.543
24.233 1.000 126.037 0.750 50.401 0.193 -755.223
23.549 1.103 123.778 0.682 50.419 0.204 -799.138
22.794 0.924 121.645 0.720 50.509 0.200 -846.849
22.176 0.882 119.419 0.643 50.726 0.208 -904.528
21.637 0.915 117.349 0.701 50.997 0.223 -967.102
21.254 0.828 115.164 0.694 51.373 0.222 -1044.902
20.615 0.747 113.039 0.669 51.802 0.250 -1135.276
20.280 0.860 111.067 0.667 52.302 0.259 -1236.029
19.686 0.921 108.985 0.577 52.856 0.248 -1365.756
19.071 0.810 106.982 0.594 53.452 0.283 -1521.223
19.011 0.834 105.015 0.603 54.228 0.278 -1714.984
18.249 0.774 103.138 0.526 54.934 0.285 -1954.636
---
53.975 1.798 159.423 0.698 64.971 0.382 -474.579
51.748 1.392 158.154 0.629 63.652 0.347 -478.676
49.526 1.592 156.883 0.613 62.443 0.371 -483.090
47.354 1.565 155.699 0.680 61.338 0.360 -487.495
45.548 1.520 154.519 0.664 60.317 0.344 -492.176
43.988 1.544 153.055 0.696 59.281 0.359 -498.406
42.318 1.621 151.636 0.707 58.286 0.346 -504.915
40.414 1.322 150.105 0.623 57.308 0.336 -512.494
39.299 1.318 148.698 0.698 56.554 0.304 -519.990
37.617 1.405 146.781 0.684 55.610 0.319 -531.090
36.354 1.369 145.232 0.717 54.912 0.309 -540.861
35.185 1.308 143.236 0.699 54.189 0.261 -554.610
33.935 1.270 141.699 0.653 53.561 0.292 -566.160
32.900 1.156 139.714 0.716 52.985 0.262 -582.443
31.900 1.018 137.753 0.698 52.488 0.234 -600.204
30.743 1.191 135.806 0.769 52.054 0.263 -619.683
30.029 1.114 133.708 0.720 51.725 0.244 -642.996
29.033 1.008 131.663 0.679 51.424 0.210 -668.373
28.226 1.001 129.698 0.639 51.234 0.210 -695.588
27.394 1.020 127.528 0.792 51.134 0.214 -729.385
26.611 0.999 125.362 0.738 51.115 0.212 -767.694
25.984 0.943 123.351 0.666 51.137 0.211 -808.167
25.273 0.921 121.234 0.651 51.237 0.214 -856.830
24.475 0.851 119.027 0.763 51.396 0.227 -915.662
24.061 0.936 117.034 0.674 51.697 0.230 -977.528
23.369 0.785 114.751 0.683 52.062 0.247 -1061.221
22.795 0.849 112.858 0.671 52.445 0.271 -1143.764
22.187 0.835 110.772 0.601 52.925 0.237 -1252.786
21.739 0.872 108.692 0.596 53.561 0.271 -1386.370
21.236 0.875 106.707 0.593 54.171 0.269 -1545.490
20.923 0.814 104.845 0.578 54.838 0.297 -1734.115
20.403 0.790 102.917 0.507 55.634 0.279 -1987.563
---
56.770 1.627 157.800 0.604 65.546 0.394 -479.872
54.434 1.474 156.821 0.601 64.310 0.428 -483.311
52.249 1.598 155.788 0.627 63.168 0.393 -487.153
50.375 1.440 154.438 0.634 62.062 0.337 -492.508
48.389 1.107 153.248 0.686 61.028 0.300 -497.559
46.803 1.387 151.845 0.667 59.944 0.362 -503.927
44.748 1.300 150.440 0.662 58.911 0.327 -510.785
43.537 1.181 149.078 0.669 58.040 0.333 -517.915
41.717 1.384 147.439 0.674 57.127 0.331 -527.159
40.369 1.315 145.959 0.662 56.343 0.314 -536.182
39.119 1.260 144.091 0.709 55.589 0.283 -548.555
37.983 1.280 142.397 0.637 54.924 0.264 -560.799
36.683 1.229 140.725 0.651 54.279 0.292 -573.943
35.450 1.183 138.901 0.714 53.716 0.260 -589.589
34.400 1.265 136.875 0.713 53.216 0.275 -608.746
33.415 1.063 134.849 0.669 52.812 0.245 -629.994
32.514 0.981 132.922 0.764 52.508 0.231 -652.426
31.567 0.826 130.843 0.753 52.194 0.225 -679.366
30.436 1.010 128.990 0.730 52.002 0.247 -706.146
29.831 1.003 126.991 0.734 51.909 0.219 -738.418
29.059 0.993 124.888 0.773 51.861 0.241 -776.785
28.342 0.927 122.683 0.715 51.929 0.239 -822.781
27.396 0.909 120.599 0.745 52.001 0.240 -872.833
26.990 0.911 118.649 0.640 52.209 0.246 -926.703
26.162 0.809 116.466 0.648 52.475 0.231 -996.921
25.419 0.790 114.467 0.677 52.785 0.277 -1072.769
24.964 0.912 112.473 0.641 53.207 0.263 -1162.326
24.327 0.806 110.406 0.584 53.702 0.281 -1274.252
23.816 0.757 108.472 0.574 54.250 0.276 -1402.298
23.465 0.866 106.587 0.546 54.893 0.282 -1556.395
22.774 0.874 104.712 0.561 55.532 0.307 -1749.491
22.262 0.738 102.807 0.479 56.317 0.301 -2004.337
---
59.055 1.209 156.663 0.571 66.163 0.422 -483.887
57.453 1.545 155.551 0.555 65.147 0.348 -488.064
54.955 1.212 154.298 0.570 63.850 0.369 -493.084
52.883 1.358 153.293 0.630 62.731 0.401 -497.358
51.154 1.358 152.020 0.707 61.726 0.346 -503.106
49.377 1.212 150.821 0.640 60.646 0.373 -508.878
47.809 1.316 149.240 0.707 59.768 0.360 -517.037
46.057 1.219 147.803 0.539 58.744 0.345 -525.038
44.508 1.208 146.306 0.692 57.974 0.351 -534.008
43.223 1.347 144.715 0.682 57.144 0.337 -544.293
41.655 1.085 143.180 0.680 56.377 0.298 -555.015
40.352 1.163 141.400 0.717 55.693 0.310 -568.504
39.299 1.139 139.769 0.708 55.099 0.288 -581.968
38.057 1.050 137.789 0.711 54.549 0.259 -599.859
36.909 1.060 136.073 0.775 54.095 0.257 -616.896
35.809 1.010 134.272 0.686 53.662 0.291 -636.468
34.911 0.985 132.175 0.706 53.326 0.262 -661.756
34.003 0.971 130.071 0.754 53.109 0.245 -690.186
33.136 1.004 128.305 0.668 52.878 0.263 -716.790
32.198 0.856 126.192 0.681 52.783 0.243 -752.431
31.236 0.866 124.256 0.732 52.689 0.261 -789.320
30.588 0.963 122.159 0.719 52.748 0.249 -834.733
29.451 0.804 120.112 0.713 52.823 0.267 -885.607
28.989 0.793 117.994 0.668 53.042 0.261 -946.569
28.483 0.853 116.058 0.654 53.344 0.256 -1011.440
27.666 0.798 114.184 0.536 53.619 0.246 -1084.553
27.026 0.782 112.077 0.629 54.064 0.280 -1182.127
26.438 0.836 110.226 0.607 54.503 0.287 -1285.104
25.870 0.717 108.169 0.549 55.104 0.269 -1424.847
25.188 0.790 106.246 0.570 55.692 0.294 -1588.121
24.739 0.885 104.449 0.526 56.352 0.277 -1780.573
24.222 0.755 102.512 0.534 57.186 0.320 -2050.830
---
61.294 1.358 155.052 0.628 66.946 0.428 -490.023
59.179 0.974 154.291 0.626 65.760 0.378 -493.112
57.166 1.385 152.975 0.559 64.639 0.383 -498.759
55.181 1.127 152.117 0.668 63.535 0.342 -502.656
53.430 1.319 150.623 0.688 62.440 0.377 -509.864
51.604 1.077 149.636 0.560 61.548 0.349 -514.933
49.800 1.221 148.107 0.641 60.495 0.355 -523.296
48.294 1.204 146.578 0.659 59.583 0.321 -532.326
46.819 1.090 145.242 0.736 58.721 0.335 -540.799
45.185 0.999 143.732 0.619 57.855 0.314 -551.067
44.369 1.177 142.115 0.688 57.288 0.334 -562.940
42.649 1.123 140.377 0.667 56.554 0.298 -576.823
41.450 1.052 138.673 0.689 55.948 0.287 -591.644
40.175 1.194 136.960 0.685 55.383 0.351 -607.900
39.089 0.934 134.972 0.759 54.935 0.285 -628.639
38.145 0.824 133.286 0.747 54.551 0.256 -648.009
36.967 0.948 131.448 0.655 54.161 0.268 -671.204
36.179 0.934 129.556 0.708 53.950 0.269 -697.674
34.961 0.879 127.569 0.588 53.714 0.272 -728.695
34.246 0.839 125.592 0.658 53.650 0.260 -763.389
33.381 0.890 123.658 0.663 53.556 0.259 -801.651
32.586 0.857 121.590 0.662 53.649 0.272 -848.168
31.872 0.758 119.661 0.667 53.734 0.254 -897.827
31.044 0.823 117.605 0.606 53.955 0.276 -958.839
30.574 0.833 115.652 0.651 54.241 0.292 -1026.328
29.663 0.870 113.625 0.536 54.543 0.258 -1108.682
29.052 0.777 111.807 0.540 54.943 0.290 -1196.041
28.328 0.837 109.756 0.603 55.416 0.287 -1314.413
27.791 0.812 107.911 0.564 55.940 0.317 -1444.716
27.180 0.678 106.074 0.607 56.540 0.314 -1604.639
26.734 0.748 104.243 0.482 57.188 0.338 -1805.800
26.045 0.775 102.337 0.515 57.968 0.324 -2079.499
---
62.801 1.285 154.025 0.614 67.743 0.420 -494.222
61.051 1.264 153.075 0.611 66.536 0.390 -498.316
59.073 0.931 151.657 0.855 65.410 0.332 -504.816
57.300 1.172 150.659 0.712 64.303 0.368 -509.680
55.215 1.091 149.503 0.668 63.219 0.396 -515.634
53.968 1.067 148.241 0.671 62.320 0.358 -522.542
52.083 1.114 146.862 0.660 61.361 0.348 -530.600
50.731 1.050 145.513 0.581 60.497 0.360 -539.033
49.090 1.110 143.978 0.749 59.621 0.393 -549.336
47.487 1.230 142.628 0.656 58.847 0.372 -559.073
46.248 1.026 140.863 0.723 58.114 0.315 -572.815
44.807 0.916 139.393 0.672 57.418 0.326 -585.228
43.801 1.081 137.618 0.756 56.929 0.336 -601.486
42.531 1.072 135.914 0.666 56.353 0.310 -618.550
41.316 0.994 134.062 0.619 55.874 0.285 -638.880
40.299 0.879 132.428 0.804 55.489 0.255 -658.555
39.387 0.891 130.559 0.690 55.214 0.296 -683.292
38.224 0.899 128.816 0.695 54.873 0.265 -708.816
37.316 0.848 126.767 0.695 54.760 0.275 -742.280
36.421 0.812 124.931 0.702 54.616 0.278 -775.949
35.461 0.862 122.864 0.612 54.562 0.289 -818.771
34.568 0.918 120.949 0.610 54.591 0.291 -863.942
33.812 0.774 118.992 0.587 54.719 0.275 -916.672
32.918 0.818 117.058 0.660 54.855 0.281 -976.726
32.181 0.790 115.145 0.560 55.126 0.288 -1045.639
31.644 0.819 113.301 0.592 55.455 0.317 -1123.228
30.811 0.748 111.285 0.549 55.868 0.282 -1223.947
30.210 0.762 109.533 0.594 56.296 0.313 -1328.844
29.631 0.740 107.515 0.588 56.850 0.350 -1476.285
28.903 0.660 105.810 0.548 57.416 0.310 -1630.781
28.433 0.716 103.977 0.540 58.092 0.343 -1839.516
27.871 0.685 102.267 0.503 58.805 0.365 -2091.172
---
64.386 1.042 152.741 0.588 68.320 0.465 -499.808
62.506 1.100 151.585 0.577 67.246 0.408 -505.161
60.881 1.078 150.457 0.692 66.279 0.400 -510.696
59.079 1.046 149.492 0.650 65.181 0.430 -515.695
57.162 1.047 148.222 0.627 64.084 0.365 -522.650
55.665 1.197 146.831 0.581 63.137 0.389 -530.784
54.008 0.945 145.720 0.701 62.211 0.368 -537.703
52.675 0.976 144.350 0.542 61.385 0.340 -546.767
51.068 1.046 142.938 0.647 60.532 0.391 -556.779
49.589 0.930 141.464 0.663 59.771 0.312 -568.003
48.446 0.924 140.032 0.592 59.117 0.378 -579.721
47.198 1.004 138.215 0.733 58.516 0.332 -595.859
45.844 0.930 136.646 0.694 57.880 0.336 -611.032
44.613 0.977 135.040 0.650 57.346 0.312 -627.902
43.310 1.007 133.220 0.568 56.899 0.318 -648.796
42.281 0.882 131.556 0.521 56.464 0.317 -669.784
41.186 0.955 129.667 0.619 56.150 0.341 -696.048
40.297 0.892 127.917 0.675 55.935 0.284 -722.996
39.261 0.852 125.939 0.677 55.758 0.303 -756.989
38.428 0.884 124.159 0.645 55.655 0.296 -791.284
37.417 0.796 122.314 0.645 55.566 0.292 -831.159
36.754 0.821 120.399 0.618 55.677 0.314 -878.032
35.722 0.842 118.491 0.596 55.714 0.301 -931.409
35.012 0.770 116.522 0.622 55.942 0.299 -994.994
34.222 0.811 114.647 0.586 56.173 0.296 -1065.395
33.379 0.678 112.697 0.572 56.484 0.265 -1151.468
32.763 0.714 110.990 0.591 56.856 0.334 -1240.340
32.118 0.684 109.098 0.600 57.337 0.331 -1357.938
31.420 0.880 107.338 0.543 57.812 0.341 -1490.875
30.683 0.688 105.538 0.531 58.382 0.358 -1658.605
30.163 0.756 103.793 0.507 59.047 0.327 -1863.581
29.584 0.725 102.055 0.507 59.768 0.333 -2127.424
---
65.754 1.133 151.251 0.559 69.316 0.481 -506.768
64.254 1.130 150.280 0.602 68.265 0.424 -511.598
62.351 0.909 149.508 0.600 67.127 0.396 -515.607
60.680 0.965 148.101 0.632 66.056 0.406 -523.332
59.196 1.090 146.944 0.620 65.074 0.423 -530.106
57.365 0.869 145.879 0.655 64.067 0.387 -536.689
55.884 0.944 144.539 0.669 63.188 0.338 -545.483
54.294 0.967 143.178 0.602 62.372 0.338 -555.026
52.867 1.006 141.744 0.636 61.541 0.355 -565.807
51.407 0.978 140.155 0.610 60.701 0.382 -578.684
50.427 1.004 138.824 0.655 60.137 0.345 -590.283
48.846 0.843 137.238 0.655 59.382 0.327 -605.164
47.561 0.886 135.683 0.685 58.840 0.347 -620.976
46.518 0.901 134.083 0.627 58.337 0.327 -638.641
45.364 1.108 132.270 0.668 57.881 0.332 -660.544
44.174 0.936 130.630 0.678 57.550 0.323 -682.314
43.193 0.791 128.822 0.621 57.234 0.316 -708.718
42.156 0.861 127.047 0.646 57.021 0.317 -737.462
41.062 0.824 125.386 0.602 56.756 0.304 -767.256
40.238 0.828 123.454 0.573 56.735 0.310 -805.963
39.298 0.893 121.669 0.693 56.675 0.343 -846.275
38.340 0.809 119.745 0.670 56.713 0.307 -895.510
37.676 0.816 117.908 0.587 56.827 0.335 -949.256
36.757 0.807 116.034 0.582 56.996 0.313 -1012.275
35.880 0.856 114.209 0.542 57.224 0.301 -1083.481
35.183 0.735 112.378 0.494 57.522 0.310 -1166.992
34.424 0.861 110.626 0.607 57.877 0.365 -1261.267
33.821 0.804 108.833 0.538 58.331 0.332 -1376.348
33.163 0.813 106.946 0.538 58.931 0.336 -1524.375
32.631 0.657 105.312 0.496 59.484 0.360 -1682.449
31.827 0.730 103.597 0.504 60.022 0.343 -1889.920
31.172 0.702 101.870 0.525 60.709 0.384 -2160.021
